-100.000 -20.000 100.000
-100.000 -280.000 100.000
-100.000 -46.000 100.000
-100.000 -72.000 100.000
-100.000 -98.000 100.000
-100.000 -124.000 100.000
-100.000 -150.000 100.000
-100.000 -176.000 100.000
-100.000 -202.000 100.000
-100.000 -228.000 100.000
-100.000 -254.000 100.000
100.000 -280.000 100.000
75.000 -280.000 100.000
50.000 -280.000 100.000
25.000 -280.000 100.000
0.000 -280.000 100.000
-25.000 -280.000 100.000
-50.000 -280.000 100.000
-75.000 -280.000 100.000
100.000 -20.000 100.000
100.000 -46.000 100.000
100.000 -72.000 100.000
100.000 -98.000 100.000
100.000 -124.000 100.000
100.000 -150.000 100.000
100.000 -176.000 100.000
100.000 -202.000 100.000
100.000 -228.000 100.000
100.000 -254.000 100.000
75.000 -20.000 100.000
50.000 -20.000 100.000
25.000 -20.000 100.000
0.000 -20.000 100.000
-25.000 -20.000 100.000
-50.000 -20.000 100.000
-75.000 -20.000 100.000
-50.000 -46.000 100.000
0.000 -46.000 100.000
50.000 -46.000 100.000
-75.000 -72.000 100.000
-50.000 -72.000 100.000
-25.000 -72.000 100.000
0.000 -72.000 100.000
25.000 -72.000 100.000
50.000 -72.000 100.000
75.000 -72.000 100.000
-50.000 -98.000 100.000
0.000 -98.000 100.000
50.000 -98.000 100.000
-75.000 -124.000 100.000
-50.000 -124.000 100.000
-25.000 -124.000 100.000
0.000 -124.000 100.000
25.000 -124.000 100.000
50.000 -124.000 100.000
75.000 -124.000 100.000
-50.000 -150.000 100.000
0.000 -150.000 100.000
50.000 -150.000 100.000
-75.000 -176.000 100.000
-50.000 -176.000 100.000
-25.000 -176.000 100.000
0.000 -176.000 100.000
25.000 -176.000 100.000
50.000 -176.000 100.000
75.000 -176.000 100.000
-50.000 -202.000 100.000
0.000 -202.000 100.000
50.000 -202.000 100.000
-75.000 -228.000 100.000
-50.000 -228.000 100.000
-25.000 -228.000 100.000
0.000 -228.000 100.000
25.000 -228.000 100.000
50.000 -228.000 100.000
75.000 -228.000 100.000
-50.000 -254.000 100.000
0.000 -254.000 100.000
50.000 -254.000 100.000
200.000 -280.000 0.000
200.000 -20.000 0.000
200.000 -254.000 0.000
200.000 -228.000 0.000
200.000 -202.000 0.000
200.000 -176.000 0.000
200.000 -150.000 0.000
200.000 -124.000 0.000
200.000 -98.000 0.000
200.000 -72.000 0.000
200.000 -46.000 0.000
100.000 -280.000 -100.000
196.593 -280.000 -25.882
186.603 -280.000 -50.000
170.711 -280.000 -70.711
150.000 -280.000 -86.603
125.882 -280.000 -96.593
100.000 -20.000 -100.000
100.000 -46.000 -100.000
100.000 -72.000 -100.000
100.000 -98.000 -100.000
100.000 -124.000 -100.000
100.000 -150.000 -100.000
100.000 -176.000 -100.000
100.000 -202.000 -100.000
100.000 -228.000 -100.000
100.000 -254.000 -100.000
196.593 -20.000 -25.882
186.603 -20.000 -50.000
170.711 -20.000 -70.711
150.000 -20.000 -86.603
125.882 -20.000 -96.593
186.603 -46.000 -50.000
150.000 -46.000 -86.603
196.593 -72.000 -25.882
186.603 -72.000 -50.000
170.711 -72.000 -70.711
150.000 -72.000 -86.603
125.882 -72.000 -96.593
186.603 -98.000 -50.000
150.000 -98.000 -86.603
196.593 -124.000 -25.882
186.603 -124.000 -50.000
170.711 -124.000 -70.711
150.000 -124.000 -86.603
125.882 -124.000 -96.593
186.603 -150.000 -50.000
150.000 -150.000 -86.603
196.593 -176.000 -25.882
186.603 -176.000 -50.000
170.711 -176.000 -70.711
150.000 -176.000 -86.603
125.882 -176.000 -96.593
186.603 -202.000 -50.000
150.000 -202.000 -86.603
196.593 -228.000 -25.882
186.603 -228.000 -50.000
170.711 -228.000 -70.711
150.000 -228.000 -86.603
125.882 -228.000 -96.593
186.603 -254.000 -50.000
150.000 -254.000 -86.603
-100.000 -20.000 -100.000
-100.000 -280.000 -100.000
-100.000 -46.000 -100.000
-100.000 -72.000 -100.000
-100.000 -98.000 -100.000
-100.000 -124.000 -100.000
-100.000 -150.000 -100.000
-100.000 -176.000 -100.000
-100.000 -202.000 -100.000
-100.000 -228.000 -100.000
-100.000 -254.000 -100.000
-125.882 -280.000 96.593
-150.000 -280.000 86.603
-170.711 -280.000 70.711
-186.603 -280.000 50.000
-196.593 -280.000 25.882
-200.000 -280.000 0.000
-196.593 -280.000 -25.882
-186.603 -280.000 -50.000
-170.711 -280.000 -70.711
-150.000 -280.000 -86.603
-125.882 -280.000 -96.593
-125.882 -20.000 96.593
-150.000 -20.000 86.603
-170.711 -20.000 70.711
-186.603 -20.000 50.000
-196.593 -20.000 25.882
-200.000 -20.000 0.000
-196.593 -20.000 -25.882
-186.603 -20.000 -50.000
-170.711 -20.000 -70.711
-150.000 -20.000 -86.603
-125.882 -20.000 -96.593
-150.000 -46.000 -86.603
-186.603 -46.000 -50.000
-200.000 -46.000 0.000
-186.603 -46.000 50.000
-150.000 -46.000 86.603
-125.882 -72.000 -96.593
-150.000 -72.000 -86.603
-170.711 -72.000 -70.711
-186.603 -72.000 -50.000
-196.593 -72.000 -25.882
-200.000 -72.000 0.000
-196.593 -72.000 25.882
-186.603 -72.000 50.000
-170.711 -72.000 70.711
-150.000 -72.000 86.603
-125.882 -72.000 96.593
-150.000 -98.000 -86.603
-186.603 -98.000 -50.000
-200.000 -98.000 0.000
-186.603 -98.000 50.000
-150.000 -98.000 86.603
-125.882 -124.000 -96.593
-150.000 -124.000 -86.603
-170.711 -124.000 -70.711
-186.603 -124.000 -50.000
-196.593 -124.000 -25.882
-200.000 -124.000 0.000
-196.593 -124.000 25.882
-186.603 -124.000 50.000
-170.711 -124.000 70.711
-150.000 -124.000 86.603
-125.882 -124.000 96.593
-150.000 -150.000 -86.603
-186.603 -150.000 -50.000
-200.000 -150.000 0.000
-186.603 -150.000 50.000
-150.000 -150.000 86.603
-125.882 -176.000 -96.593
-150.000 -176.000 -86.603
-170.711 -176.000 -70.711
-186.603 -176.000 -50.000
-196.593 -176.000 -25.882
-200.000 -176.000 0.000
-196.593 -176.000 25.882
-186.603 -176.000 50.000
-170.711 -176.000 70.711
-150.000 -176.000 86.603
-125.882 -176.000 96.593
-150.000 -202.000 -86.603
-186.603 -202.000 -50.000
-200.000 -202.000 0.000
-186.603 -202.000 50.000
-150.000 -202.000 86.603
-125.882 -228.000 -96.593
-150.000 -228.000 -86.603
-170.711 -228.000 -70.711
-186.603 -228.000 -50.000
-196.593 -228.000 -25.882
-200.000 -228.000 0.000
-196.593 -228.000 25.882
-186.603 -228.000 50.000
-170.711 -228.000 70.711
-150.000 -228.000 86.603
-125.882 -228.000 96.593
-150.000 -254.000 -86.603
-186.603 -254.000 -50.000
-200.000 -254.000 0.000
-186.603 -254.000 50.000
-150.000 -254.000 86.603
-75.000 -280.000 -100.000
-50.000 -280.000 -100.000
-25.000 -280.000 -100.000
0.000 -280.000 -100.000
25.000 -280.000 -100.000
50.000 -280.000 -100.000
75.000 -280.000 -100.000
-75.000 -20.000 -100.000
-50.000 -20.000 -100.000
-25.000 -20.000 -100.000
0.000 -20.000 -100.000
25.000 -20.000 -100.000
50.000 -20.000 -100.000
75.000 -20.000 -100.000
50.000 -46.000 -100.000
0.000 -46.000 -100.000
-50.000 -46.000 -100.000
75.000 -72.000 -100.000
50.000 -72.000 -100.000
25.000 -72.000 -100.000
0.000 -72.000 -100.000
-25.000 -72.000 -100.000
-50.000 -72.000 -100.000
-75.000 -72.000 -100.000
50.000 -98.000 -100.000
0.000 -98.000 -100.000
-50.000 -98.000 -100.000
75.000 -124.000 -100.000
50.000 -124.000 -100.000
25.000 -124.000 -100.000
0.000 -124.000 -100.000
-25.000 -124.000 -100.000
-50.000 -124.000 -100.000
-75.000 -124.000 -100.000
50.000 -150.000 -100.000
0.000 -150.000 -100.000
-50.000 -150.000 -100.000
75.000 -176.000 -100.000
50.000 -176.000 -100.000
25.000 -176.000 -100.000
0.000 -176.000 -100.000
-25.000 -176.000 -100.000
-50.000 -176.000 -100.000
-75.000 -176.000 -100.000
50.000 -202.000 -100.000
0.000 -202.000 -100.000
-50.000 -202.000 -100.000
75.000 -228.000 -100.000
50.000 -228.000 -100.000
25.000 -228.000 -100.000
0.000 -228.000 -100.000
-25.000 -228.000 -100.000
-50.000 -228.000 -100.000
-75.000 -228.000 -100.000
50.000 -254.000 -100.000
0.000 -254.000 -100.000
-50.000 -254.000 -100.000
100.000 0.000 175.000
100.000 0.000 120.000
100.000 0.000 160.909
100.000 0.000 146.818
100.000 0.000 138.417
100.000 0.000 130.016
100.000 0.000 125.008
-100.000 0.000 175.000
-87.500 0.000 175.000
-75.000 0.000 175.000
-62.500 0.000 175.000
-50.000 0.000 175.000
-37.500 0.000 175.000
-25.000 0.000 175.000
-12.500 0.000 175.000
0.000 0.000 175.000
12.500 0.000 175.000
25.000 0.000 175.000
37.500 0.000 175.000
50.000 0.000 175.000
62.500 0.000 175.000
75.000 0.000 175.000
87.500 0.000 175.000
-100.000 0.000 120.000
-100.000 0.000 125.008
-100.000 0.000 130.016
-100.000 0.000 138.417
-100.000 0.000 146.818
-100.000 0.000 160.909
-93.333 0.000 120.000
-86.667 0.000 120.000
-80.000 0.000 120.000
-73.333 0.000 120.000
-66.667 0.000 120.000
-60.000 0.000 120.000
-53.333 0.000 120.000
-46.667 0.000 120.000
-40.000 0.000 120.000
-33.333 0.000 120.000
-26.667 0.000 120.000
-20.000 0.000 120.000
-13.333 0.000 120.000
-6.667 0.000 120.000
0.000 0.000 120.000
6.667 0.000 120.000
13.333 0.000 120.000
20.000 0.000 120.000
26.667 0.000 120.000
33.333 0.000 120.000
40.000 0.000 120.000
46.667 0.000 120.000
53.333 0.000 120.000
60.000 0.000 120.000
66.667 0.000 120.000
73.333 0.000 120.000
80.000 0.000 120.000
86.667 0.000 120.000
93.333 0.000 120.000
-30.409 0.000 127.685
9.853 0.000 156.783
24.122 0.000 166.417
21.063 0.000 148.989
36.920 0.000 156.378
-17.284 0.000 127.408
12.775 0.000 130.072
10.571 0.000 139.032
-2.204 0.000 128.961
83.523 0.000 129.094
69.181 0.000 128.536
45.920 0.000 123.465
34.647 0.000 125.367
22.313 0.000 124.686
-43.706 0.000 125.925
-54.803 0.000 128.726
-68.462 0.000 129.675
-84.002 0.000 128.458
90.189 0.000 134.102
72.703 0.000 137.630
40.567 0.000 128.832
30.294 0.000 130.053
-45.175 0.000 134.650
-56.599 0.000 138.401
-72.465 0.000 138.133
-90.669 0.000 133.466
78.799 0.000 147.155
57.813 0.000 145.997
37.642 0.000 135.516
-79.898 0.000 145.948
44.960 0.000 147.609
50.299 0.000 164.961
-1.769 0.000 165.365
88.610 0.000 151.469
63.908 0.000 155.521
76.110 0.000 165.560
-28.113 0.000 164.627
-52.687 0.000 166.143
-76.729 0.000 164.990
-89.229 0.000 150.899
49.508 0.000 129.351
56.921 0.000 125.886
59.435 0.000 134.422
-17.382 0.000 154.992
-59.483 0.000 148.318
-66.917 0.000 156.133
-43.301 0.000 155.770
-40.416 0.000 145.852
-29.356 0.000 144.812
-34.115 0.000 133.610
-21.026 0.000 135.093
-9.053 0.000 145.273
-6.154 0.000 136.369
-0.640 0.000 146.826
21.755 0.000 134.757
29.103 0.000 140.220
46.583 0.000 136.034
23.243 0.000 157.835
-78.459 0.000 154.979
-55.375 0.000 157.287
-31.227 0.000 154.253
-3.538 0.000 155.730
39.323 0.000 140.297
50.597 0.000 154.922
77.219 0.000 156.121
-81.337 0.000 136.917
-63.592 0.000 139.350
-49.605 0.000 137.451
-40.745 0.000 131.849
24.627 0.000 129.371
35.961 0.000 130.734
45.173 0.000 126.931
65.028 0.000 137.073
80.378 0.000 138.188
53.843 0.000 131.771
-27.485 0.000 135.371
-14.567 0.000 134.816
2.259 0.000 137.922
18.883 0.000 140.143
220.000 0.000 0.000
219.836 0.000 6.280
219.343 0.000 12.543
218.523 0.000 18.772
217.378 0.000 24.949
215.911 0.000 31.058
214.127 0.000 37.082
212.030 0.000 43.004
209.625 0.000 48.808
206.921 0.000 54.479
203.923 0.000 60.000
200.640 0.000 65.357
197.082 0.000 70.534
193.258 0.000 75.518
189.177 0.000 80.296
184.853 0.000 84.853
180.296 0.000 89.177
175.518 0.000 93.258
170.534 0.000 97.082
165.357 0.000 100.640
160.000 0.000 103.923
154.479 0.000 106.921
148.808 0.000 109.625
143.004 0.000 112.030
137.082 0.000 114.127
131.058 0.000 115.911
124.949 0.000 117.378
118.772 0.000 118.523
112.543 0.000 119.343
106.280 0.000 119.836
200.000 -20.000 0.000
214.824 -0.681 0.000
210.000 -2.679 0.000
205.858 -5.858 0.000
202.679 -10.000 0.000
200.681 -14.824 0.000
100.000 -20.000 100.000
199.863 -20.000 5.234
199.452 -20.000 10.453
198.769 -20.000 15.643
197.815 -20.000 20.791
196.593 -20.000 25.882
195.106 -20.000 30.902
193.358 -20.000 35.837
191.355 -20.000 40.674
189.101 -20.000 45.399
186.603 -20.000 50.000
183.867 -20.000 54.464
180.902 -20.000 58.779
177.715 -20.000 62.932
174.314 -20.000 66.913
170.711 -20.000 70.711
166.913 -20.000 74.314
162.932 -20.000 77.715
158.779 -20.000 80.902
154.464 -20.000 83.867
150.000 -20.000 86.603
145.399 -20.000 89.101
140.674 -20.000 91.355
135.837 -20.000 93.358
130.902 -20.000 95.106
125.882 -20.000 96.593
120.791 -20.000 97.815
115.643 -20.000 98.769
110.453 -20.000 99.452
105.234 -20.000 99.863
100.000 -0.681 114.824
100.000 -2.679 110.000
100.000 -5.858 105.858
100.000 -10.000 102.679
100.000 -14.824 100.681
105.819 -2.632 109.929
105.444 -9.943 102.568
112.071 -0.652 114.300
111.619 -2.586 109.549
111.208 -5.723 105.400
110.864 -9.887 102.169
110.608 -14.780 100.133
117.384 -2.542 108.862
116.243 -9.833 101.485
124.008 -0.625 112.506
123.098 -2.501 107.871
122.265 -5.598 103.761
121.568 -9.781 100.520
121.066 -14.740 98.476
128.746 -2.462 106.579
126.826 -9.732 99.277
135.677 -0.602 109.463
134.312 -2.426 104.989
133.054 -5.486 100.967
132.002 -9.686 97.760
131.265 -14.703 95.738
139.782 -2.393 103.106
137.083 -9.643 95.975
146.951 -0.583 105.206
145.139 -2.363 100.936
143.458 -5.392 97.055
142.057 -9.605 93.928
141.099 -14.673 91.956
150.369 -2.337 98.485
146.909 -9.571 91.624
157.705 -0.568 99.784
155.459 -2.315 95.761
153.369 -5.318 92.069
151.629 -9.541 89.071
150.467 -14.648 87.175
160.394 -2.296 92.769
156.204 -9.517 86.275
167.820 -0.558 93.255
165.160 -2.282 89.520
162.681 -5.268 86.069
160.623 -9.497 83.245
159.272 -14.632 81.450
169.744 -2.271 86.022
164.874 -9.484 79.987
177.184 -0.553 85.694
174.135 -2.265 82.285
171.294 -5.242 79.118
168.946 -9.475 76.512
167.425 -14.623 74.844
178.319 -2.263 78.319
172.828 -9.472 72.828
185.694 -0.553 77.184
182.285 -2.265 74.135
179.118 -5.242 71.294
176.512 -9.475 68.946
174.844 -14.623 67.425
186.022 -2.271 69.744
179.987 -9.484 64.874
193.255 -0.558 67.820
189.520 -2.282 65.160
186.069 -5.268 62.681
183.245 -9.497 60.623
181.450 -14.632 59.272
192.769 -2.296 60.394
186.275 -9.517 56.204
199.784 -0.568 57.705
195.761 -2.315 55.459
192.069 -5.318 53.369
189.071 -9.541 51.629
187.175 -14.648 50.467
198.485 -2.337 50.369
191.624 -9.571 46.909
205.206 -0.583 46.951
200.936 -2.363 45.139
197.055 -5.392 43.458
193.928 -9.605 42.057
191.956 -14.673 41.099
203.106 -2.393 39.782
195.975 -9.643 37.083
209.463 -0.602 35.677
204.989 -2.426 34.312
200.967 -5.486 33.054
197.760 -9.686 32.002
195.738 -14.703 31.265
206.579 -2.462 28.746
199.277 -9.732 26.826
212.506 -0.625 24.008
207.871 -2.501 23.098
203.761 -5.598 22.265
200.520 -9.781 21.568
198.476 -14.740 21.066
208.862 -2.542 17.384
201.485 -9.833 16.243
214.300 -0.652 12.071
209.549 -2.586 11.619
205.400 -5.723 11.208
202.169 -9.887 10.864
200.133 -14.780 10.608
209.929 -2.632 5.819
202.568 -9.943 5.444
-100.000 0.000 -120.000
-112.543 0.000 -119.343
-124.949 0.000 -117.378
-137.082 0.000 -114.127
-148.808 0.000 -109.625
-160.000 0.000 -103.923
-170.534 0.000 -97.082
-180.296 0.000 -89.177
-189.177 0.000 -80.296
-197.082 0.000 -70.534
-203.923 0.000 -60.000
-209.625 0.000 -48.808
-214.127 0.000 -37.082
-217.378 0.000 -24.949
-219.343 0.000 -12.543
-220.000 0.000 0.000
-219.343 0.000 12.543
-217.378 0.000 24.949
-214.127 0.000 37.082
-209.625 0.000 48.808
-203.923 0.000 60.000
-197.082 0.000 70.534
-189.177 0.000 80.296
-180.296 0.000 89.177
-170.534 0.000 97.082
-160.000 0.000 103.923
-148.808 0.000 109.625
-137.082 0.000 114.127
-124.949 0.000 117.378
-112.543 0.000 119.343
-100.000 -20.000 100.000
-100.000 -0.681 114.824
-100.000 -2.679 110.000
-100.000 -5.858 105.858
-100.000 -10.000 102.679
-100.000 -14.824 100.681
-100.000 -20.000 -100.000
-110.453 -20.000 99.452
-120.791 -20.000 97.815
-130.902 -20.000 95.106
-140.674 -20.000 91.355
-150.000 -20.000 86.603
-158.779 -20.000 80.902
-166.913 -20.000 74.314
-174.314 -20.000 66.913
-180.902 -20.000 58.779
-186.603 -20.000 50.000
-191.355 -20.000 40.674
-195.106 -20.000 30.902
-197.815 -20.000 20.791
-199.452 -20.000 10.453
-200.000 -20.000 0.000
-199.452 -20.000 -10.453
-197.815 -20.000 -20.791
-195.106 -20.000 -30.902
-191.355 -20.000 -40.674
-186.603 -20.000 -50.000
-180.902 -20.000 -58.779
-174.314 -20.000 -66.913
-166.913 -20.000 -74.314
-158.779 -20.000 -80.902
-150.000 -20.000 -86.603
-140.674 -20.000 -91.355
-130.902 -20.000 -95.106
-120.791 -20.000 -97.815
-110.453 -20.000 -99.452
-100.000 -0.681 -114.824
-100.000 -2.679 -110.000
-100.000 -5.858 -105.858
-100.000 -10.000 -102.679
-100.000 -14.824 -100.681
-111.840 -2.576 -109.543
-111.127 -9.874 -102.148
-124.253 -0.613 -112.503
-123.538 -2.461 -107.851
-122.805 -5.538 -103.708
-122.080 -9.730 -100.440
-121.404 -14.720 -98.409
-134.964 -2.337 -104.947
-132.738 -9.570 -97.590
-147.439 -0.536 -105.197
-145.997 -2.209 -100.871
-144.476 -5.155 -96.876
-142.984 -9.399 -93.647
-141.692 -14.595 -91.713
-156.516 -2.081 -95.672
-152.710 -9.220 -88.670
-168.547 -0.462 -93.241
-166.409 -1.955 -89.411
-164.094 -4.751 -85.754
-161.818 -9.038 -82.726
-159.984 -14.458 -80.989
-175.572 -1.836 -82.159
-170.217 -8.857 -75.892
-186.657 -0.397 -77.167
-183.905 -1.725 -73.999
-180.851 -4.367 -70.887
-177.825 -8.682 -68.247
-175.528 -14.324 -66.788
-191.320 -1.626 -65.020
-184.571 -8.518 -59.881
-200.981 -0.346 -57.688
-197.736 -1.539 -55.321
-194.067 -4.042 -52.946
-190.389 -8.371 -50.886
-187.718 -14.207 -49.777
-203.084 -1.467 -45.011
-195.227 -8.243 -41.359
-210.894 -0.311 -35.663
-207.306 -1.409 -34.202
-203.199 -3.808 -32.714
-199.038 -8.139 -31.401
-196.097 -14.120 -30.705
-210.356 -1.368 -23.014
-201.786 -8.063 -21.117
-215.961 -0.293 -12.065
-212.199 -1.343 -11.571
-207.865 -3.686 -11.065
-203.445 -8.016 -10.613
-200.363 -14.074 -10.376
-212.816 -1.335 0.000
-204.000 -8.000 0.000
-215.961 -0.293 12.065
-212.199 -1.343 11.571
-207.865 -3.686 11.065
-203.445 -8.016 10.613
-200.363 -14.074 10.376
-210.356 -1.368 23.014
-201.786 -8.063 21.117
-210.894 -0.311 35.663
-207.306 -1.409 34.202
-203.199 -3.808 32.714
-199.038 -8.139 31.401
-196.097 -14.120 30.705
-203.084 -1.467 45.011
-195.227 -8.243 41.359
-200.981 -0.346 57.688
-197.736 -1.539 55.321
-194.067 -4.042 52.946
-190.389 -8.371 50.886
-187.718 -14.207 49.777
-191.320 -1.626 65.020
-184.571 -8.518 59.881
-186.657 -0.397 77.167
-183.905 -1.725 73.999
-180.851 -4.367 70.887
-177.825 -8.682 68.247
-175.528 -14.324 66.788
-175.572 -1.836 82.159
-170.217 -8.857 75.892
-168.547 -0.462 93.241
-166.409 -1.955 89.411
-164.094 -4.751 85.754
-161.818 -9.038 82.726
-159.984 -14.458 80.989
-156.516 -2.081 95.672
-152.710 -9.220 88.670
-147.439 -0.536 105.197
-145.997 -2.209 100.871
-144.476 -5.155 96.876
-142.984 -9.399 93.647
-141.692 -14.595 91.713
-134.964 -2.337 104.947
-132.738 -9.570 97.590
-124.253 -0.613 112.503
-123.538 -2.461 107.851
-122.805 -5.538 103.708
-122.080 -9.730 100.440
-121.404 -14.720 98.409
-111.840 -2.576 109.543
-111.127 -9.874 102.148
-275.000 0.000 175.000
-275.000 0.000 -175.000
-275.000 0.000 164.063
-275.000 0.000 153.125
-275.000 0.000 142.188
-275.000 0.000 131.250
-275.000 0.000 120.313
-275.000 0.000 109.375
-275.000 0.000 98.438
-275.000 0.000 87.500
-275.000 0.000 76.563
-275.000 0.000 65.625
-275.000 0.000 54.688
-275.000 0.000 43.750
-275.000 0.000 32.813
-275.000 0.000 21.875
-275.000 0.000 10.938
-275.000 0.000 0.000
-275.000 0.000 -10.938
-275.000 0.000 -21.875
-275.000 0.000 -32.813
-275.000 0.000 -43.750
-275.000 0.000 -54.688
-275.000 0.000 -65.625
-275.000 0.000 -76.563
-275.000 0.000 -87.500
-275.000 0.000 -98.438
-275.000 0.000 -109.375
-275.000 0.000 -120.313
-275.000 0.000 -131.250
-275.000 0.000 -142.188
-275.000 0.000 -153.125
-275.000 0.000 -164.063
-100.000 0.000 -175.000
-110.938 0.000 -175.000
-121.875 0.000 -175.000
-132.813 0.000 -175.000
-143.750 0.000 -175.000
-154.688 0.000 -175.000
-165.625 0.000 -175.000
-176.563 0.000 -175.000
-187.500 0.000 -175.000
-198.438 0.000 -175.000
-209.375 0.000 -175.000
-220.313 0.000 -175.000
-231.250 0.000 -175.000
-242.188 0.000 -175.000
-253.125 0.000 -175.000
-264.063 0.000 -175.000
-100.000 0.000 -125.008
-100.000 0.000 -130.016
-100.000 0.000 -138.417
-100.000 0.000 -146.818
-100.000 0.000 -160.909
-110.938 0.000 175.000
-121.875 0.000 175.000
-132.813 0.000 175.000
-143.750 0.000 175.000
-154.688 0.000 175.000
-165.625 0.000 175.000
-176.563 0.000 175.000
-187.500 0.000 175.000
-198.438 0.000 175.000
-209.375 0.000 175.000
-220.313 0.000 175.000
-231.250 0.000 175.000
-242.188 0.000 175.000
-253.125 0.000 175.000
-264.063 0.000 175.000
-176.531 0.000 133.742
-197.571 0.000 140.519
-192.184 0.000 123.618
-209.636 0.000 134.593
-213.182 0.000 122.350
-214.502 0.000 147.867
-224.485 0.000 137.434
-236.281 0.000 -107.361
-245.615 0.000 -98.242
-234.840 0.000 -92.442
-253.832 0.000 164.335
-232.588 0.000 165.185
-211.134 0.000 165.386
-189.741 0.000 163.406
-146.526 0.000 162.650
-112.404 0.000 131.633
-264.002 0.000 -153.554
-264.508 0.000 -132.592
-263.450 0.000 -92.092
-263.082 0.000 -69.723
-256.866 0.000 -46.521
-258.536 0.000 -19.509
-258.531 0.000 4.130
-258.152 0.000 28.828
-263.572 0.000 67.279
-261.547 0.000 89.361
-262.065 0.000 109.996
-263.861 0.000 131.051
-112.611 0.000 -149.673
-230.445 0.000 -164.020
-208.713 0.000 -164.293
-187.951 0.000 -166.179
-168.100 0.000 -165.930
-146.446 0.000 -164.232
-149.591 0.000 118.563
-215.177 0.000 63.093
-227.715 0.000 36.432
-230.702 0.000 10.402
-226.429 0.000 -43.187
-211.092 0.000 -65.742
-195.411 0.000 -86.376
-153.041 0.000 -119.540
-264.769 0.000 153.397
-244.233 0.000 154.520
-223.410 0.000 155.572
-202.438 0.000 153.792
-136.830 0.000 151.212
-112.178 0.000 149.471
-124.583 0.000 142.686
-124.879 0.000 125.313
-253.065 0.000 -164.492
-253.510 0.000 -143.959
-244.948 0.000 -61.556
-240.402 0.000 -33.218
-242.067 0.000 -4.442
-241.682 0.000 22.020
-248.611 0.000 100.920
-250.926 0.000 120.734
-253.631 0.000 142.261
-123.549 0.000 -163.764
-241.322 0.000 -153.512
-198.226 0.000 -155.472
-179.489 0.000 -157.110
-159.859 0.000 -155.163
-137.182 0.000 -152.996
-233.867 0.000 50.984
-228.496 0.000 -60.388
-233.393 0.000 145.139
-149.838 0.000 138.901
-230.708 0.000 -14.844
-239.288 0.000 67.560
-236.166 0.000 113.045
-242.791 0.000 132.879
-165.790 0.000 122.756
-228.031 0.000 125.191
-170.584 0.000 -120.136
-192.768 0.000 -101.636
-208.500 0.000 -99.215
-125.181 0.000 -143.223
-112.570 0.000 -131.967
-125.045 0.000 -125.648
-253.483 0.000 -105.493
-265.033 0.000 -111.839
-254.541 0.000 -124.118
-123.116 0.000 163.562
-160.580 0.000 149.887
-168.741 0.000 162.237
-181.919 0.000 150.643
-250.119 0.000 80.078
-254.245 0.000 59.317
-248.824 0.000 42.741
-265.672 0.000 46.725
-251.533 0.000 -85.252
-218.845 0.000 -153.313
-141.207 0.000 -131.687
-153.208 0.000 -141.460
-177.214 0.000 -103.949
-209.952 0.000 -81.970
-219.431 0.000 104.276
-202.418 0.000 86.686
-221.045 0.000 79.632
-175.870 0.000 107.547
-198.433 0.000 105.544
-231.876 0.000 92.150
-137.591 0.000 130.375
-184.478 0.000 -150.332
-175.565 0.000 -150.083
-168.915 0.000 -136.381
-204.827 0.000 -141.090
-192.748 0.000 -119.705
-191.079 0.000 -135.950
-208.481 0.000 -117.284
-240.758 0.000 -79.452
-224.306 0.000 -78.283
-222.854 0.000 -95.528
-224.295 0.000 -110.448
-244.149 0.000 -114.613
-231.399 0.000 -123.915
-241.791 0.000 -133.420
-229.603 0.000 -142.973
-215.585 0.000 -130.751
-203.161 0.000 129.225
-216.110 0.000 139.961
-239.330 0.000 -99.800
-183.893 0.000 -110.816
-223.203 0.000 115.474
-215.357 0.000 -105.973
-181.206 0.000 118.011
-232.860 0.000 134.907
-157.274 0.000 -129.455
-201.644 0.000 -92.457
-218.261 0.000 -71.483
-226.431 0.000 66.187
-150.374 0.000 127.501
-149.142 0.000 -153.465
-170.576 0.000 -156.861
-188.402 0.000 -157.359
-208.051 0.000 -153.585
-229.639 0.000 -153.041
-125.222 0.000 -152.528
-252.723 0.000 130.852
-249.129 0.000 110.617
-248.093 0.000 91.222
-252.145 0.000 68.933
-241.304 0.000 35.781
-242.061 0.000 8.260
-242.073 0.000 -17.144
-238.731 0.000 -49.292
-251.164 0.000 -73.820
-251.901 0.000 -96.683
-254.015 0.000 -133.934
-253.005 0.000 -153.983
-124.809 0.000 133.249
-124.356 0.000 152.123
-149.303 0.000 150.301
-191.982 0.000 151.812
-212.894 0.000 155.773
-233.927 0.000 155.371
-254.539 0.000 153.670
-125.140 0.000 -133.918
-255.066 0.000 -114.303
-171.857 0.000 149.474
-256.345 0.000 49.701
-215.659 0.000 93.077
-180.555 0.000 -143.306
-201.604 0.000 -128.595
-230.351 0.000 -85.083
-233.232 0.000 -114.923
-229.566 0.000 -132.906
100.000 0.000 -175.000
87.500 0.000 -175.000
75.000 0.000 -175.000
62.500 0.000 -175.000
50.000 0.000 -175.000
37.500 0.000 -175.000
25.000 0.000 -175.000
12.500 0.000 -175.000
0.000 0.000 -175.000
-12.500 0.000 -175.000
-25.000 0.000 -175.000
-37.500 0.000 -175.000
-50.000 0.000 -175.000
-62.500 0.000 -175.000
-75.000 0.000 -175.000
-87.500 0.000 -175.000
100.000 0.000 -120.000
100.000 0.000 -125.008
100.000 0.000 -130.016
100.000 0.000 -138.417
100.000 0.000 -146.818
100.000 0.000 -160.909
93.333 0.000 -120.000
86.667 0.000 -120.000
80.000 0.000 -120.000
73.333 0.000 -120.000
66.667 0.000 -120.000
60.000 0.000 -120.000
53.333 0.000 -120.000
46.667 0.000 -120.000
40.000 0.000 -120.000
33.333 0.000 -120.000
26.667 0.000 -120.000
20.000 0.000 -120.000
13.333 0.000 -120.000
6.667 0.000 -120.000
0.000 0.000 -120.000
-6.667 0.000 -120.000
-13.333 0.000 -120.000
-20.000 0.000 -120.000
-26.667 0.000 -120.000
-33.333 0.000 -120.000
-40.000 0.000 -120.000
-46.667 0.000 -120.000
-53.333 0.000 -120.000
-60.000 0.000 -120.000
-66.667 0.000 -120.000
-73.333 0.000 -120.000
-80.000 0.000 -120.000
-86.667 0.000 -120.000
-93.333 0.000 -120.000
14.152 0.000 -127.503
23.197 0.000 -126.803
19.450 0.000 -122.613
-83.659 0.000 -129.101
-57.333 0.000 -126.167
-46.306 0.000 -123.458
-33.277 0.000 -124.254
-21.052 0.000 -128.825
-3.979 0.000 -130.148
8.035 0.000 -124.891
30.414 0.000 -124.191
42.032 0.000 -125.869
54.035 0.000 -128.259
68.002 0.000 -129.804
83.765 0.000 -128.710
-90.326 0.000 -134.109
-50.306 0.000 -129.625
-39.583 0.000 -127.712
-27.662 0.000 -133.079
-11.697 0.000 -138.973
4.056 0.000 -135.039
13.805 0.000 -131.992
22.851 0.000 -131.292
32.446 0.000 -130.060
42.734 0.000 -134.128
55.371 0.000 -138.063
71.768 0.000 -138.515
90.432 0.000 -133.719
-79.055 0.000 -147.200
-0.253 0.000 -149.035
79.567 0.000 -146.207
-50.610 0.000 -165.027
-11.675 0.000 -157.450
0.392 0.000 -166.387
-24.568 0.000 -166.063
-88.729 0.000 -151.508
-64.339 0.000 -155.626
-76.229 0.000 -165.599
27.133 0.000 -165.152
52.375 0.000 -166.167
76.635 0.000 -164.996
89.135 0.000 -150.905
-69.491 0.000 -128.617
-60.158 0.000 -134.784
-73.151 0.000 -137.718
-58.435 0.000 -146.143
-37.678 0.000 -156.089
15.025 0.000 -156.539
58.711 0.000 -148.471
66.511 0.000 -156.163
42.008 0.000 -156.319
38.668 0.000 -145.911
-46.340 0.000 -147.474
-48.063 0.000 -136.115
-23.119 0.000 -147.387
-31.781 0.000 -138.772
-37.078 0.000 -130.035
-41.198 0.000 -135.729
-43.440 0.000 -129.239
24.986 0.000 -148.967
29.052 0.000 -137.184
19.456 0.000 -138.416
9.707 0.000 -141.463
18.900 0.000 -125.225
-24.136 0.000 -157.126
78.271 0.000 -154.993
54.750 0.000 -157.333
29.266 0.000 -155.305
0.785 0.000 -157.774
-51.220 0.000 -155.053
-77.458 0.000 -156.198
80.864 0.000 -137.421
62.671 0.000 -139.609
48.070 0.000 -136.517
37.397 0.000 -131.738
27.495 0.000 -128.381
18.206 0.000 -134.202
9.404 0.000 -129.781
-1.291 0.000 -140.296
-22.103 0.000 -137.649
-33.221 0.000 -128.508
-45.945 0.000 -126.915
-54.666 0.000 -132.334
-80.652 0.000 -138.201
-65.649 0.000 -137.234
-41.460 0.000 -139.895
-40.936 0.000 -131.562
20.706 0.000 -142.629
-100.000 -20.000 -100.000
-100.000 -0.681 -114.824
-100.000 -2.679 -110.000
-100.000 -5.858 -105.858
-100.000 -10.000 -102.679
-100.000 -14.824 -100.681
100.000 -20.000 -100.000
-93.333 -20.000 -100.000
-86.667 -20.000 -100.000
-80.000 -20.000 -100.000
-73.333 -20.000 -100.000
-66.667 -20.000 -100.000
-60.000 -20.000 -100.000
-53.333 -20.000 -100.000
-46.667 -20.000 -100.000
-40.000 -20.000 -100.000
-33.333 -20.000 -100.000
-26.667 -20.000 -100.000
-20.000 -20.000 -100.000
-13.333 -20.000 -100.000
-6.667 -20.000 -100.000
0.000 -20.000 -100.000
6.667 -20.000 -100.000
13.333 -20.000 -100.000
20.000 -20.000 -100.000
26.667 -20.000 -100.000
33.333 -20.000 -100.000
40.000 -20.000 -100.000
46.667 -20.000 -100.000
53.333 -20.000 -100.000
60.000 -20.000 -100.000
66.667 -20.000 -100.000
73.333 -20.000 -100.000
80.000 -20.000 -100.000
86.667 -20.000 -100.000
93.333 -20.000 -100.000
100.000 -0.681 -114.824
100.000 -2.679 -110.000
100.000 -5.858 -105.858
100.000 -10.000 -102.679
100.000 -14.824 -100.681
93.333 -2.679 -110.000
93.333 -10.000 -102.679
86.667 -0.681 -114.824
86.667 -2.679 -110.000
86.667 -5.858 -105.858
86.667 -10.000 -102.679
86.667 -14.824 -100.681
80.000 -2.679 -110.000
80.000 -10.000 -102.679
73.333 -0.681 -114.824
73.333 -2.679 -110.000
73.333 -5.858 -105.858
73.333 -10.000 -102.679
73.333 -14.824 -100.681
66.667 -2.679 -110.000
66.667 -10.000 -102.679
60.000 -0.681 -114.824
60.000 -2.679 -110.000
60.000 -5.858 -105.858
60.000 -10.000 -102.679
60.000 -14.824 -100.681
53.333 -2.679 -110.000
53.333 -10.000 -102.679
46.667 -0.681 -114.824
46.667 -2.679 -110.000
46.667 -5.858 -105.858
46.667 -10.000 -102.679
46.667 -14.824 -100.681
40.000 -2.679 -110.000
40.000 -10.000 -102.679
33.333 -0.681 -114.824
33.333 -2.679 -110.000
33.333 -5.858 -105.858
33.333 -10.000 -102.679
33.333 -14.824 -100.681
26.667 -2.679 -110.000
26.667 -10.000 -102.679
20.000 -0.681 -114.824
20.000 -2.679 -110.000
20.000 -5.858 -105.858
20.000 -10.000 -102.679
20.000 -14.824 -100.681
13.333 -2.679 -110.000
13.333 -10.000 -102.679
6.667 -0.681 -114.824
6.667 -2.679 -110.000
6.667 -5.858 -105.858
6.667 -10.000 -102.679
6.667 -14.824 -100.681
0.000 -2.679 -110.000
0.000 -10.000 -102.679
-6.667 -0.681 -114.824
-6.667 -2.679 -110.000
-6.667 -5.858 -105.858
-6.667 -10.000 -102.679
-6.667 -14.824 -100.681
-13.333 -2.679 -110.000
-13.333 -10.000 -102.679
-20.000 -0.681 -114.824
-20.000 -2.679 -110.000
-20.000 -5.858 -105.858
-20.000 -10.000 -102.679
-20.000 -14.824 -100.681
-26.667 -2.679 -110.000
-26.667 -10.000 -102.679
-33.333 -0.681 -114.824
-33.333 -2.679 -110.000
-33.333 -5.858 -105.858
-33.333 -10.000 -102.679
-33.333 -14.824 -100.681
-40.000 -2.679 -110.000
-40.000 -10.000 -102.679
-46.667 -0.681 -114.824
-46.667 -2.679 -110.000
-46.667 -5.858 -105.858
-46.667 -10.000 -102.679
-46.667 -14.824 -100.681
-53.333 -2.679 -110.000
-53.333 -10.000 -102.679
-60.000 -0.681 -114.824
-60.000 -2.679 -110.000
-60.000 -5.858 -105.858
-60.000 -10.000 -102.679
-60.000 -14.824 -100.681
-66.667 -2.679 -110.000
-66.667 -10.000 -102.679
-73.333 -0.681 -114.824
-73.333 -2.679 -110.000
-73.333 -5.858 -105.858
-73.333 -10.000 -102.679
-73.333 -14.824 -100.681
-80.000 -2.679 -110.000
-80.000 -10.000 -102.679
-86.667 -0.681 -114.824
-86.667 -2.679 -110.000
-86.667 -5.858 -105.858
-86.667 -10.000 -102.679
-86.667 -14.824 -100.681
-93.333 -2.679 -110.000
-93.333 -10.000 -102.679
100.000 -20.000 100.000
100.000 -0.681 114.824
100.000 -2.679 110.000
100.000 -5.858 105.858
100.000 -10.000 102.679
100.000 -14.824 100.681
-100.000 -20.000 100.000
93.333 -20.000 100.000
86.667 -20.000 100.000
80.000 -20.000 100.000
73.333 -20.000 100.000
66.667 -20.000 100.000
60.000 -20.000 100.000
53.333 -20.000 100.000
46.667 -20.000 100.000
40.000 -20.000 100.000
33.333 -20.000 100.000
26.667 -20.000 100.000
20.000 -20.000 100.000
13.333 -20.000 100.000
6.667 -20.000 100.000
0.000 -20.000 100.000
-6.667 -20.000 100.000
-13.333 -20.000 100.000
-20.000 -20.000 100.000
-26.667 -20.000 100.000
-33.333 -20.000 100.000
-40.000 -20.000 100.000
-46.667 -20.000 100.000
-53.333 -20.000 100.000
-60.000 -20.000 100.000
-66.667 -20.000 100.000
-73.333 -20.000 100.000
-80.000 -20.000 100.000
-86.667 -20.000 100.000
-93.333 -20.000 100.000
-100.000 -0.681 114.824
-100.000 -2.679 110.000
-100.000 -5.858 105.858
-100.000 -10.000 102.679
-100.000 -14.824 100.681
-93.333 -2.679 110.000
-93.333 -10.000 102.679
-86.667 -0.681 114.824
-86.667 -2.679 110.000
-86.667 -5.858 105.858
-86.667 -10.000 102.679
-86.667 -14.824 100.681
-80.000 -2.679 110.000
-80.000 -10.000 102.679
-73.333 -0.681 114.824
-73.333 -2.679 110.000
-73.333 -5.858 105.858
-73.333 -10.000 102.679
-73.333 -14.824 100.681
-66.667 -2.679 110.000
-66.667 -10.000 102.679
-60.000 -0.681 114.824
-60.000 -2.679 110.000
-60.000 -5.858 105.858
-60.000 -10.000 102.679
-60.000 -14.824 100.681
-53.333 -2.679 110.000
-53.333 -10.000 102.679
-46.667 -0.681 114.824
-46.667 -2.679 110.000
-46.667 -5.858 105.858
-46.667 -10.000 102.679
-46.667 -14.824 100.681
-40.000 -2.679 110.000
-40.000 -10.000 102.679
-33.333 -0.681 114.824
-33.333 -2.679 110.000
-33.333 -5.858 105.858
-33.333 -10.000 102.679
-33.333 -14.824 100.681
-26.667 -2.679 110.000
-26.667 -10.000 102.679
-20.000 -0.681 114.824
-20.000 -2.679 110.000
-20.000 -5.858 105.858
-20.000 -10.000 102.679
-20.000 -14.824 100.681
-13.333 -2.679 110.000
-13.333 -10.000 102.679
-6.667 -0.681 114.824
-6.667 -2.679 110.000
-6.667 -5.858 105.858
-6.667 -10.000 102.679
-6.667 -14.824 100.681
0.000 -2.679 110.000
0.000 -10.000 102.679
6.667 -0.681 114.824
6.667 -2.679 110.000
6.667 -5.858 105.858
6.667 -10.000 102.679
6.667 -14.824 100.681
13.333 -2.679 110.000
13.333 -10.000 102.679
20.000 -0.681 114.824
20.000 -2.679 110.000
20.000 -5.858 105.858
20.000 -10.000 102.679
20.000 -14.824 100.681
26.667 -2.679 110.000
26.667 -10.000 102.679
33.333 -0.681 114.824
33.333 -2.679 110.000
33.333 -5.858 105.858
33.333 -10.000 102.679
33.333 -14.824 100.681
40.000 -2.679 110.000
40.000 -10.000 102.679
46.667 -0.681 114.824
46.667 -2.679 110.000
46.667 -5.858 105.858
46.667 -10.000 102.679
46.667 -14.824 100.681
53.333 -2.679 110.000
53.333 -10.000 102.679
60.000 -0.681 114.824
60.000 -2.679 110.000
60.000 -5.858 105.858
60.000 -10.000 102.679
60.000 -14.824 100.681
66.667 -2.679 110.000
66.667 -10.000 102.679
73.333 -0.681 114.824
73.333 -2.679 110.000
73.333 -5.858 105.858
73.333 -10.000 102.679
73.333 -14.824 100.681
80.000 -2.679 110.000
80.000 -10.000 102.679
86.667 -0.681 114.824
86.667 -2.679 110.000
86.667 -5.858 105.858
86.667 -10.000 102.679
86.667 -14.824 100.681
93.333 -2.679 110.000
93.333 -10.000 102.679
219.836 0.000 -6.280
219.343 0.000 -12.543
218.523 0.000 -18.772
217.378 0.000 -24.949
215.911 0.000 -31.058
214.127 0.000 -37.082
212.030 0.000 -43.004
209.625 0.000 -48.808
206.921 0.000 -54.479
203.923 0.000 -60.000
200.640 0.000 -65.357
197.082 0.000 -70.534
193.258 0.000 -75.518
189.177 0.000 -80.296
184.853 0.000 -84.853
180.296 0.000 -89.177
175.518 0.000 -93.258
170.534 0.000 -97.082
165.357 0.000 -100.640
160.000 0.000 -103.923
154.479 0.000 -106.921
148.808 0.000 -109.625
143.004 0.000 -112.030
137.082 0.000 -114.127
131.058 0.000 -115.911
124.949 0.000 -117.378
118.772 0.000 -118.523
112.543 0.000 -119.343
106.280 0.000 -119.836
100.000 -20.000 -100.000
100.000 -0.681 -114.824
100.000 -2.679 -110.000
100.000 -5.858 -105.858
100.000 -10.000 -102.679
100.000 -14.824 -100.681
199.863 -20.000 -5.234
199.452 -20.000 -10.453
198.769 -20.000 -15.643
197.815 -20.000 -20.791
196.593 -20.000 -25.882
195.106 -20.000 -30.902
193.358 -20.000 -35.837
191.355 -20.000 -40.674
189.101 -20.000 -45.399
186.603 -20.000 -50.000
183.867 -20.000 -54.464
180.902 -20.000 -58.779
177.715 -20.000 -62.932
174.314 -20.000 -66.913
170.711 -20.000 -70.711
166.913 -20.000 -74.314
162.932 -20.000 -77.715
158.779 -20.000 -80.902
154.464 -20.000 -83.867
150.000 -20.000 -86.603
145.399 -20.000 -89.101
140.674 -20.000 -91.355
135.837 -20.000 -93.358
130.902 -20.000 -95.106
125.882 -20.000 -96.593
120.791 -20.000 -97.815
115.643 -20.000 -98.769
110.453 -20.000 -99.452
105.234 -20.000 -99.863
209.929 -2.632 -5.819
202.568 -9.943 -5.444
214.300 -0.652 -12.071
209.549 -2.586 -11.619
205.400 -5.723 -11.208
202.169 -9.887 -10.864
200.133 -14.780 -10.608
208.862 -2.542 -17.384
201.485 -9.833 -16.243
212.506 -0.625 -24.008
207.871 -2.501 -23.098
203.761 -5.598 -22.265
200.520 -9.781 -21.568
198.476 -14.740 -21.066
206.579 -2.462 -28.746
199.277 -9.732 -26.826
209.463 -0.602 -35.677
204.989 -2.426 -34.312
200.967 -5.486 -33.054
197.760 -9.686 -32.002
195.738 -14.703 -31.265
203.106 -2.393 -39.782
195.975 -9.643 -37.083
205.206 -0.583 -46.951
200.936 -2.363 -45.139
197.055 -5.392 -43.458
193.928 -9.605 -42.057
191.956 -14.673 -41.099
198.485 -2.337 -50.369
191.624 -9.571 -46.909
199.784 -0.568 -57.705
195.761 -2.315 -55.459
192.069 -5.318 -53.369
189.071 -9.541 -51.629
187.175 -14.648 -50.467
192.769 -2.296 -60.394
186.275 -9.517 -56.204
193.255 -0.558 -67.820
189.520 -2.282 -65.160
186.069 -5.268 -62.681
183.245 -9.497 -60.623
181.450 -14.632 -59.272
186.022 -2.271 -69.744
179.987 -9.484 -64.874
185.694 -0.553 -77.184
182.285 -2.265 -74.135
179.118 -5.242 -71.294
176.512 -9.475 -68.946
174.844 -14.623 -67.425
178.319 -2.263 -78.319
172.828 -9.472 -72.828
177.184 -0.553 -85.694
174.135 -2.265 -82.285
171.294 -5.242 -79.118
168.946 -9.475 -76.512
167.425 -14.623 -74.844
169.744 -2.271 -86.022
164.874 -9.484 -79.987
167.820 -0.558 -93.255
165.160 -2.282 -89.520
162.681 -5.268 -86.069
160.623 -9.497 -83.245
159.272 -14.632 -81.450
160.394 -2.296 -92.769
156.204 -9.517 -86.275
157.705 -0.568 -99.784
155.459 -2.315 -95.761
153.369 -5.318 -92.069
151.629 -9.541 -89.071
150.467 -14.648 -87.175
150.369 -2.337 -98.485
146.909 -9.571 -91.624
146.951 -0.583 -105.206
145.139 -2.363 -100.936
143.458 -5.392 -97.055
142.057 -9.605 -93.928
141.099 -14.673 -91.956
139.782 -2.393 -103.106
137.083 -9.643 -95.975
135.677 -0.602 -109.463
134.312 -2.426 -104.989
133.054 -5.486 -100.967
132.002 -9.686 -97.760
131.265 -14.703 -95.738
128.746 -2.462 -106.579
126.826 -9.732 -99.277
124.008 -0.625 -112.506
123.098 -2.501 -107.871
122.265 -5.598 -103.761
121.568 -9.781 -100.520
121.066 -14.740 -98.476
117.384 -2.542 -108.862
116.243 -9.833 -101.485
112.071 -0.652 -114.300
111.619 -2.586 -109.549
111.208 -5.723 -105.400
110.864 -9.887 -102.169
110.608 -14.780 -100.133
105.819 -2.632 -109.929
105.444 -9.943 -102.568
275.000 0.000 0.000
260.909 0.000 0.000
246.818 0.000 0.000
238.417 0.000 0.000
230.016 0.000 0.000
225.008 0.000 0.000
275.000 0.000 175.000
275.000 0.000 10.938
275.000 0.000 21.875
275.000 0.000 32.813
275.000 0.000 43.750
275.000 0.000 54.688
275.000 0.000 65.625
275.000 0.000 76.563
275.000 0.000 87.500
275.000 0.000 98.438
275.000 0.000 109.375
275.000 0.000 120.313
275.000 0.000 131.250
275.000 0.000 142.188
275.000 0.000 153.125
275.000 0.000 164.063
264.063 0.000 175.000
253.125 0.000 175.000
242.188 0.000 175.000
231.250 0.000 175.000
220.313 0.000 175.000
209.375 0.000 175.000
198.438 0.000 175.000
187.500 0.000 175.000
176.563 0.000 175.000
165.625 0.000 175.000
154.688 0.000 175.000
143.750 0.000 175.000
132.813 0.000 175.000
121.875 0.000 175.000
110.938 0.000 175.000
206.664 0.000 123.508
238.898 0.000 100.323
121.102 0.000 164.388
132.090 0.000 156.463
243.485 0.000 17.503
113.445 0.000 127.027
125.926 0.000 123.025
153.497 0.000 117.595
166.687 0.000 112.458
178.170 0.000 104.957
187.916 0.000 96.296
212.135 0.000 64.805
217.502 0.000 52.754
221.183 0.000 39.944
223.219 0.000 26.041
226.337 0.000 13.333
120.625 0.000 131.692
107.174 0.000 132.364
165.780 0.000 123.279
190.671 0.000 108.124
222.863 0.000 63.154
226.809 0.000 49.752
228.650 0.000 34.969
231.196 0.000 20.628
231.674 0.000 7.061
202.582 0.000 109.117
233.647 0.000 59.400
235.846 0.000 43.966
234.993 0.000 29.234
117.339 0.000 144.244
242.685 0.000 53.614
242.190 0.000 38.232
144.619 0.000 151.258
250.212 0.000 63.529
251.296 0.000 44.424
173.133 0.000 139.971
110.165 0.000 150.297
143.800 0.000 167.075
165.613 0.000 166.691
187.195 0.000 165.537
208.760 0.000 164.549
252.913 0.000 164.180
263.635 0.000 131.355
261.443 0.000 108.787
265.414 0.000 86.762
266.753 0.000 65.291
267.069 0.000 43.735
258.823 0.000 54.339
256.389 0.000 32.301
164.588 0.000 150.145
193.196 0.000 135.115
233.983 0.000 85.718
257.167 0.000 75.491
176.245 0.000 157.228
197.517 0.000 155.087
263.851 0.000 153.242
252.485 0.000 142.410
250.078 0.000 119.830
264.319 0.000 21.379
246.941 0.000 82.507
205.923 0.000 143.147
240.728 0.000 132.598
238.018 0.000 112.135
228.669 0.000 124.903
250.228 0.000 10.441
184.790 0.000 147.054
216.444 0.000 132.966
199.892 0.000 97.619
196.712 0.000 86.059
205.233 0.000 75.780
216.866 0.000 75.318
208.816 0.000 86.423
135.036 0.000 128.552
140.125 0.000 121.279
150.676 0.000 126.998
179.590 0.000 116.913
251.857 0.000 97.112
241.318 0.000 153.281
229.561 0.000 143.469
230.593 0.000 164.101
219.040 0.000 153.651
154.726 0.000 158.766
125.579 0.000 147.811
138.107 0.000 142.606
128.866 0.000 135.259
247.283 0.000 26.109
239.986 0.000 70.545
229.201 0.000 74.300
221.648 0.000 86.736
154.481 0.000 142.637
144.277 0.000 135.899
160.880 0.000 133.736
178.033 0.000 129.514
194.753 0.000 122.514
218.889 0.000 115.445
214.475 0.000 108.192
211.784 0.000 96.693
224.617 0.000 97.005
223.737 0.000 108.817
228.151 0.000 116.070
229.187 0.000 133.735
238.055 0.000 78.990
203.701 0.000 132.196
253.639 0.000 20.882
255.828 0.000 86.025
247.886 0.000 108.199
252.269 0.000 131.460
252.701 0.000 153.359
208.145 0.000 154.099
186.890 0.000 156.075
165.601 0.000 158.382
259.139 0.000 43.720
258.507 0.000 64.958
229.911 0.000 92.446
182.691 0.000 138.034
163.576 0.000 141.907
143.851 0.000 159.149
120.330 0.000 153.777
240.927 0.000 31.335
243.453 0.000 45.128
241.916 0.000 62.101
209.627 0.000 114.819
145.387 0.000 143.367
233.332 0.000 14.123
229.060 0.000 27.133
228.240 0.000 42.805
225.378 0.000 56.699
220.348 0.000 69.610
195.537 0.000 103.416
185.805 0.000 112.832
173.375 0.000 120.994
158.185 0.000 125.564
126.903 0.000 128.673
114.347 0.000 134.711
204.247 0.000 91.822
213.385 0.000 81.025
143.168 0.000 128.432
229.935 0.000 153.203
130.828 0.000 141.844
219.322 0.000 101.564
275.000 0.000 -175.000
110.938 0.000 -175.000
121.875 0.000 -175.000
132.813 0.000 -175.000
143.750 0.000 -175.000
154.688 0.000 -175.000
165.625 0.000 -175.000
176.563 0.000 -175.000
187.500 0.000 -175.000
198.438 0.000 -175.000
209.375 0.000 -175.000
220.313 0.000 -175.000
231.250 0.000 -175.000
242.188 0.000 -175.000
253.125 0.000 -175.000
264.063 0.000 -175.000
275.000 0.000 -164.063
275.000 0.000 -153.125
275.000 0.000 -142.188
275.000 0.000 -131.250
275.000 0.000 -120.313
275.000 0.000 -109.375
275.000 0.000 -98.438
275.000 0.000 -87.500
275.000 0.000 -76.563
275.000 0.000 -65.625
275.000 0.000 -54.688
275.000 0.000 -43.750
275.000 0.000 -32.813
275.000 0.000 -21.875
275.000 0.000 -10.938
214.694 0.000 -110.188
198.717 0.000 -118.770
162.670 0.000 -117.679
172.164 0.000 -112.177
162.821 0.000 -108.054
174.611 0.000 -104.625
171.299 0.000 -128.112
209.364 0.000 -92.633
205.770 0.000 -78.704
223.813 0.000 -93.554
217.778 0.000 -79.621
264.355 0.000 -21.101
256.468 0.000 -31.970
117.835 0.000 -142.952
113.395 0.000 -125.653
140.524 0.000 -120.914
154.253 0.000 -116.399
187.239 0.000 -99.143
196.724 0.000 -89.344
212.511 0.000 -66.184
217.651 0.000 -53.194
221.306 0.000 -40.086
222.910 0.000 -26.148
227.005 0.000 -13.506
107.123 0.000 -130.990
151.832 0.000 -125.436
199.226 0.000 -103.751
223.387 0.000 -64.974
227.080 0.000 -50.335
228.463 0.000 -35.218
231.555 0.000 -20.908
232.342 0.000 -7.235
145.145 0.000 -134.986
161.765 0.000 -131.772
186.435 0.000 -110.639
236.051 0.000 -44.141
244.189 0.000 -17.399
145.468 0.000 -150.311
165.263 0.000 -148.069
251.422 0.000 -44.402
240.402 0.000 -72.046
250.264 0.000 -10.164
267.113 0.000 -43.681
266.799 0.000 -65.355
265.769 0.000 -86.774
264.528 0.000 -108.495
262.766 0.000 -151.372
230.222 0.000 -162.241
208.731 0.000 -163.106
187.401 0.000 -164.642
166.160 0.000 -165.383
144.181 0.000 -166.676
155.653 0.000 -157.059
176.998 0.000 -155.025
235.923 0.000 -90.741
250.363 0.000 -63.965
258.912 0.000 -54.349
257.568 0.000 -75.567
255.297 0.000 -96.832
251.828 0.000 -162.309
239.862 0.000 -149.550
218.640 0.000 -150.347
185.101 0.000 -143.668
243.612 0.000 -103.925
227.155 0.000 -135.733
205.669 0.000 -139.821
214.184 0.000 -125.207
247.608 0.000 -83.647
242.872 0.000 -54.019
229.142 0.000 -111.109
126.181 0.000 -123.137
135.689 0.000 -128.298
120.829 0.000 -130.430
197.695 0.000 -152.748
250.879 0.000 -138.682
238.172 0.000 -124.864
263.113 0.000 -129.498
252.641 0.000 -117.680
110.712 0.000 -150.379
121.649 0.000 -164.470
133.017 0.000 -156.146
247.768 0.000 -25.643
235.133 0.000 -29.153
138.959 0.000 -141.623
126.509 0.000 -147.458
129.503 0.000 -134.936
155.078 0.000 -141.321
173.366 0.000 -136.712
193.075 0.000 -130.741
242.721 0.000 -38.075
233.902 0.000 -60.213
229.888 0.000 -76.807
180.794 0.000 -122.610
165.642 0.000 -112.186
214.457 0.000 -86.874
203.251 0.000 -128.430
225.117 0.000 -121.984
233.168 0.000 -100.235
182.900 0.000 -133.052
187.302 0.000 -154.285
208.087 0.000 -151.212
229.193 0.000 -149.482
250.531 0.000 -149.618
254.056 0.000 -107.615
256.538 0.000 -86.048
258.598 0.000 -65.086
259.226 0.000 -43.612
242.127 0.000 -62.845
238.677 0.000 -81.246
166.694 0.000 -155.766
144.611 0.000 -158.352
253.710 0.000 -20.328
243.618 0.000 -45.193
178.687 0.000 -112.168
163.832 0.000 -140.373
146.324 0.000 -142.270
234.668 0.000 -14.469
228.442 0.000 -27.347
228.485 0.000 -43.089
225.676 0.000 -57.580
221.098 0.000 -72.368
204.271 0.000 -98.392
194.182 0.000 -109.109
159.698 0.000 -123.172
143.966 0.000 -127.701
114.246 0.000 -131.963
127.413 0.000 -128.896
251.227 0.000 -127.745
121.424 0.000 -153.940
241.825 0.000 -30.958
131.594 0.000 -140.976
-100.000 -300.000 50.000
-100.000 -300.000 -50.000
-112.941 -300.000 48.296
-125.000 -300.000 43.301
-135.355 -300.000 35.355
-143.301 -300.000 25.000
-148.296 -300.000 12.941
-150.000 -300.000 0.000
-148.296 -300.000 -12.941
-143.301 -300.000 -25.000
-135.355 -300.000 -35.355
-125.000 -300.000 -43.301
-112.941 -300.000 -48.296
100.000 -300.000 -50.000
-87.500 -300.000 -50.000
-75.000 -300.000 -50.000
-62.500 -300.000 -50.000
-50.000 -300.000 -50.000
-37.500 -300.000 -50.000
-25.000 -300.000 -50.000
-12.500 -300.000 -50.000
0.000 -300.000 -50.000
12.500 -300.000 -50.000
25.000 -300.000 -50.000
37.500 -300.000 -50.000
50.000 -300.000 -50.000
62.500 -300.000 -50.000
75.000 -300.000 -50.000
87.500 -300.000 -50.000
100.000 -300.000 50.000
112.941 -300.000 -48.296
125.000 -300.000 -43.301
135.355 -300.000 -35.355
143.301 -300.000 -25.000
148.296 -300.000 -12.941
150.000 -300.000 0.000
148.296 -300.000 12.941
143.301 -300.000 25.000
135.355 -300.000 35.355
125.000 -300.000 43.301
112.941 -300.000 48.296
87.500 -300.000 50.000
75.000 -300.000 50.000
62.500 -300.000 50.000
50.000 -300.000 50.000
37.500 -300.000 50.000
25.000 -300.000 50.000
12.500 -300.000 50.000
0.000 -300.000 50.000
-12.500 -300.000 50.000
-25.000 -300.000 50.000
-37.500 -300.000 50.000
-50.000 -300.000 50.000
-62.500 -300.000 50.000
-75.000 -300.000 50.000
-87.500 -300.000 50.000
115.463 -300.000 -15.609
116.123 -300.000 -33.270
102.665 -300.000 -18.207
96.916 -300.000 -26.491
101.266 -300.000 -5.364
88.602 -300.000 -14.816
-115.534 -300.000 3.718
108.823 -300.000 12.187
-29.326 -300.000 -13.015
-42.643 -300.000 -5.460
-42.711 -300.000 -21.279
-97.241 -300.000 -31.658
-71.908 -300.000 2.678
-97.516 -300.000 34.658
-50.315 -300.000 37.719
-25.604 -300.000 38.898
-0.486 -300.000 39.575
24.137 -300.000 39.648
48.515 -300.000 39.656
72.714 -300.000 39.479
96.262 -300.000 38.106
93.293 -300.000 -39.872
47.553 -300.000 -41.479
23.240 -300.000 -41.445
0.028 -300.000 -40.848
-23.930 -300.000 -40.921
-48.615 -300.000 -39.483
-72.656 -300.000 -32.379
-120.635 -300.000 -26.648
-119.899 -300.000 30.366
-38.418 -300.000 26.617
-13.590 -300.000 28.473
11.151 -300.000 29.223
35.152 -300.000 29.303
58.729 -300.000 29.135
81.476 -300.000 27.585
114.064 -300.000 -2.766
33.293 -300.000 -32.924
10.768 -300.000 -32.293
-11.402 -300.000 -31.770
-35.044 -300.000 -30.404
-58.771 -300.000 -21.862
-122.671 -300.000 15.203
-104.915 -300.000 18.373
-48.861 -300.000 14.055
-24.745 -300.000 17.922
-0.657 -300.000 18.885
22.877 -300.000 18.904
45.868 -300.000 18.626
67.998 -300.000 18.124
89.022 -300.000 16.161
94.984 -300.000 4.279
77.088 -300.000 -31.517
56.348 -300.000 -33.124
-58.703 -300.000 -6.043
-105.376 -300.000 -11.655
-94.757 -300.000 3.000
-35.188 -300.000 5.360
-11.813 -300.000 8.334
11.069 -300.000 8.567
33.593 -300.000 8.227
55.136 -300.000 7.616
75.544 -300.000 6.700
-62.067 -300.000 22.776
-74.252 -300.000 35.058
-84.268 -300.000 19.716
-136.922 -300.000 18.988
-132.494 -300.000 4.353
-142.222 -300.000 -2.135
-138.873 -300.000 -14.635
-125.357 -300.000 -7.132
71.295 -300.000 -41.645
133.491 -300.000 -16.490
129.511 -300.000 -2.859
142.671 -300.000 1.132
131.946 -300.000 8.105
126.115 -300.000 2.983
135.926 -300.000 19.473
102.861 -300.000 24.069
119.099 -300.000 32.613
120.874 -300.000 17.936
82.320 -300.000 -5.174
82.853 -300.000 -23.100
64.511 -300.000 -3.839
65.522 -300.000 -24.129
71.288 -300.000 -15.712
-82.397 -300.000 -14.037
44.134 -300.000 -2.971
44.335 -300.000 -23.421
53.509 -300.000 -14.425
22.561 -300.000 -2.040
22.061 -300.000 -22.741
33.102 -300.000 -13.238
0.041 -300.000 -1.551
0.239 -300.000 -21.710
11.532 -300.000 -12.158
-21.871 -300.000 -2.195
-21.659 -300.000 -22.140
-10.018 -300.000 -12.080
107.246 -300.000 -23.238
98.084 -300.000 -13.176
-38.192 -300.000 -13.593
-94.482 -300.000 -13.316
67.590 -300.000 -33.290
85.521 -300.000 6.109
65.567 -300.000 7.290
44.705 -300.000 7.941
22.480 -300.000 8.514
-0.342 -300.000 8.620
-23.283 -300.000 8.048
-47.093 -300.000 2.672
-114.799 -300.000 17.430
-130.543 -300.000 12.976
-116.269 -300.000 -9.995
-70.312 -300.000 -14.759
-47.230 -300.000 -28.965
-22.859 -300.000 -31.843
0.055 -300.000 -31.697
21.481 -300.000 -32.890
45.106 -300.000 -32.958
86.586 -300.000 -29.744
104.448 -300.000 2.449
123.680 -300.000 -7.981
92.524 -300.000 26.213
70.428 -300.000 28.958
47.030 -300.000 29.312
23.274 -300.000 29.295
-0.972 -300.000 29.150
-26.207 -300.000 27.796
-50.629 -300.000 25.438
-95.032 -300.000 19.316
-73.505 -300.000 20.115
-134.444 -300.000 -4.270
135.341 -300.000 2.264
128.550 -300.000 13.946
113.197 -300.000 21.925
79.120 -300.000 -16.456
63.455 -300.000 -14.968
43.563 -300.000 -13.883
22.641 -300.000 -12.593
0.423 -300.000 -11.723
-20.459 -300.000 -12.437
100.000 -300.000 80.000
100.000 -300.000 50.000
100.000 -300.000 72.500
100.000 -300.000 65.000
100.000 -300.000 57.500
150.000 -300.000 0.000
107.822 -300.000 49.384
115.451 -300.000 47.553
122.700 -300.000 44.550
129.389 -300.000 40.451
135.355 -300.000 35.355
140.451 -300.000 29.389
144.550 -300.000 22.700
147.553 -300.000 15.451
149.384 -300.000 7.822
180.000 -300.000 0.000
157.500 -300.000 0.000
165.000 -300.000 0.000
172.500 -300.000 0.000
179.615 -300.000 7.841
178.463 -300.000 15.607
176.555 -300.000 23.223
173.910 -300.000 30.615
170.554 -300.000 37.712
166.518 -300.000 44.446
161.841 -300.000 50.751
156.569 -300.000 56.569
150.751 -300.000 61.841
144.446 -300.000 66.518
137.712 -300.000 70.554
130.615 -300.000 73.910
123.223 -300.000 76.555
115.607 -300.000 78.463
107.841 -300.000 79.615
155.797 -300.000 39.113
163.338 -300.000 34.461
163.919 -300.000 41.456
169.027 -300.000 18.040
162.296 -300.000 10.237
153.572 -300.000 17.962
154.933 -300.000 30.116
162.474 -300.000 25.464
116.469 -300.000 68.971
139.632 -300.000 60.298
145.363 -300.000 34.574
108.665 -300.000 62.240
132.104 -300.000 47.265
116.391 -300.000 53.516
126.074 -300.000 56.779
131.331 -300.000 58.846
129.230 -300.000 68.761
122.588 -300.000 61.546
169.633 -300.000 30.535
153.421 -300.000 48.164
142.546 -300.000 46.919
161.321 -300.000 38.467
159.592 -300.000 20.473
134.818 -300.000 54.079
117.330 -300.000 59.480
127.845 -300.000 63.612
165.356 -300.000 30.455
150.274 -300.000 39.759
100.000 -280.000 100.000
100.000 -300.000 80.000
100.000 -285.176 99.319
100.000 -290.000 97.321
100.000 -294.142 94.142
100.000 -297.321 90.000
100.000 -299.319 85.176
180.000 -300.000 0.000
104.830 -300.000 79.854
109.643 -300.000 79.417
114.420 -300.000 78.690
119.145 -300.000 77.675
123.800 -300.000 76.378
128.368 -300.000 74.801
132.833 -300.000 72.952
137.178 -300.000 70.836
141.387 -300.000 68.463
145.445 -300.000 65.839
149.338 -300.000 62.975
153.050 -300.000 59.881
156.569 -300.000 56.569
159.881 -300.000 53.050
162.975 -300.000 49.338
165.839 -300.000 45.445
168.463 -300.000 41.387
170.836 -300.000 37.178
172.952 -300.000 32.833
174.801 -300.000 28.368
176.378 -300.000 23.800
177.675 -300.000 19.145
178.690 -300.000 14.420
179.417 -300.000 9.643
179.854 -300.000 4.830
200.000 -280.000 0.000
185.176 -299.319 0.000
190.000 -297.321 0.000
194.142 -294.142 0.000
197.321 -290.000 0.000
199.319 -285.176 0.000
199.863 -280.000 5.234
199.452 -280.000 10.453
198.769 -280.000 15.643
197.815 -280.000 20.791
196.593 -280.000 25.882
195.106 -280.000 30.902
193.358 -280.000 35.837
191.355 -280.000 40.674
189.101 -280.000 45.399
186.603 -280.000 50.000
183.867 -280.000 54.464
180.902 -280.000 58.779
177.715 -280.000 62.932
174.314 -280.000 66.913
170.711 -280.000 70.711
166.913 -280.000 74.314
162.932 -280.000 77.715
158.779 -280.000 80.902
154.464 -280.000 83.867
150.000 -280.000 86.603
145.399 -280.000 89.101
140.674 -280.000 91.355
135.837 -280.000 93.358
130.902 -280.000 95.106
125.882 -280.000 96.593
120.791 -280.000 97.815
115.643 -280.000 98.769
110.453 -280.000 99.452
105.234 -280.000 99.863
108.099 -298.667 86.802
186.802 -298.667 8.099
198.940 -284.615 10.155
197.364 -289.012 9.784
195.004 -292.691 9.286
191.928 -295.737 8.752
189.462 -297.401 8.426
110.155 -284.615 98.940
109.784 -289.012 97.364
109.286 -292.691 95.004
108.752 -295.737 91.928
108.426 -297.401 89.462
186.396 -298.689 11.225
185.868 -298.714 14.335
185.033 -298.701 18.815
183.969 -298.686 23.254
182.523 -298.691 27.917
180.821 -298.693 32.500
178.802 -298.705 37.054
176.530 -298.715 41.493
173.989 -298.726 45.815
171.209 -298.733 49.990
168.193 -298.739 54.008
164.957 -298.741 57.851
161.509 -298.740 61.509
157.851 -298.741 64.957
154.008 -298.739 68.193
149.990 -298.733 71.209
145.815 -298.726 73.989
141.493 -298.715 76.530
137.054 -298.705 78.802
132.500 -298.693 80.821
127.917 -298.691 82.523
123.254 -298.686 83.969
118.815 -298.701 85.033
114.335 -298.714 85.868
111.225 -298.689 86.396
196.906 -288.681 14.720
191.919 -295.317 13.192
197.456 -284.239 20.289
196.193 -288.339 19.646
194.260 -291.873 18.688
191.684 -294.875 17.657
188.945 -297.103 15.978
195.114 -288.198 24.595
190.786 -294.772 22.292
194.857 -284.073 30.306
193.779 -288.051 29.494
192.034 -291.625 28.257
189.645 -294.673 26.888
186.964 -297.019 25.069
192.112 -288.016 34.393
188.083 -294.669 31.646
191.165 -284.023 40.091
190.186 -287.980 39.205
188.541 -291.590 37.868
186.270 -294.659 36.325
183.687 -297.026 34.431
187.967 -287.984 43.955
184.128 -294.683 40.984
186.426 -284.016 49.490
185.496 -287.984 48.586
183.914 -291.621 47.199
181.736 -294.700 45.528
179.257 -297.064 43.546
182.764 -287.996 53.096
179.072 -294.725 49.962
180.700 -284.020 58.361
179.794 -288.004 57.458
178.259 -291.659 56.033
176.171 -294.743 54.249
173.796 -297.098 52.173
176.589 -288.012 61.660
173.034 -294.756 58.380
174.060 -284.023 66.584
173.163 -288.016 65.686
171.668 -291.677 64.228
169.678 -294.762 62.338
167.406 -297.113 60.166
169.525 -288.015 69.525
166.111 -294.761 66.111
166.584 -284.023 74.060
165.686 -288.016 73.163
164.228 -291.677 71.668
162.338 -294.762 69.678
160.166 -297.113 67.406
161.660 -288.012 76.589
158.380 -294.756 73.034
158.361 -284.020 80.700
157.458 -288.004 79.794
156.033 -291.659 78.259
154.249 -294.743 76.171
152.173 -297.098 73.796
153.096 -287.996 82.764
149.962 -294.725 79.072
149.490 -284.016 86.426
148.586 -287.984 85.496
147.199 -291.621 83.914
145.528 -294.700 81.736
143.546 -297.064 79.257
143.955 -287.984 87.967
140.984 -294.683 84.128
140.091 -284.023 91.165
139.205 -287.980 90.186
137.868 -291.590 88.541
136.325 -294.659 86.270
134.431 -297.026 83.687
134.393 -288.016 92.112
131.646 -294.669 88.083
130.306 -284.073 94.857
129.494 -288.051 93.779
128.257 -291.625 92.034
126.888 -294.673 89.645
125.069 -297.019 86.964
124.595 -288.198 95.114
122.292 -294.772 90.786
120.289 -284.239 97.456
119.646 -288.339 96.193
118.688 -291.873 94.260
117.657 -294.875 91.684
115.978 -297.103 88.945
114.720 -288.681 96.906
113.192 -295.317 91.919
183.587 -299.659 3.905
103.905 -299.659 83.587
197.468 -289.517 4.877
191.088 -296.576 4.324
182.721 -299.678 11.921
180.888 -299.672 21.158
177.865 -299.675 30.408
173.723 -299.682 39.321
168.553 -299.687 47.714
162.437 -299.689 55.458
155.458 -299.689 62.437
147.714 -299.687 68.553
139.321 -299.682 73.723
130.408 -299.675 77.865
121.158 -299.672 80.888
111.921 -299.678 82.721
104.324 -296.576 91.088
104.877 -289.517 97.468
125.882 -280.000 96.593
150.000 -280.000 86.603
170.711 -280.000 70.711
186.603 -280.000 50.000
196.593 -280.000 25.882
196.593 -20.000 25.882
186.603 -20.000 50.000
170.711 -20.000 70.711
150.000 -20.000 86.603
125.882 -20.000 96.593
150.000 -46.000 86.603
186.603 -46.000 50.000
125.882 -72.000 96.593
150.000 -72.000 86.603
170.711 -72.000 70.711
186.603 -72.000 50.000
196.593 -72.000 25.882
150.000 -98.000 86.603
186.603 -98.000 50.000
125.882 -124.000 96.593
150.000 -124.000 86.603
170.711 -124.000 70.711
186.603 -124.000 50.000
196.593 -124.000 25.882
150.000 -150.000 86.603
186.603 -150.000 50.000
125.882 -176.000 96.593
150.000 -176.000 86.603
170.711 -176.000 70.711
186.603 -176.000 50.000
196.593 -176.000 25.882
150.000 -202.000 86.603
186.603 -202.000 50.000
125.882 -228.000 96.593
150.000 -228.000 86.603
170.711 -228.000 70.711
186.603 -228.000 50.000
196.593 -228.000 25.882
150.000 -254.000 86.603
186.603 -254.000 50.000
-100.000 -300.000 80.000
-100.000 -300.000 50.000
-100.000 -300.000 72.500
-100.000 -300.000 65.000
-100.000 -300.000 57.500
100.000 -300.000 50.000
-92.308 -300.000 50.000
-84.615 -300.000 50.000
-76.923 -300.000 50.000
-69.231 -300.000 50.000
-61.538 -300.000 50.000
-53.846 -300.000 50.000
-46.154 -300.000 50.000
-38.462 -300.000 50.000
-30.769 -300.000 50.000
-23.077 -300.000 50.000
-15.385 -300.000 50.000
-7.692 -300.000 50.000
0.000 -300.000 50.000
7.692 -300.000 50.000
15.385 -300.000 50.000
23.077 -300.000 50.000
30.769 -300.000 50.000
38.462 -300.000 50.000
46.154 -300.000 50.000
53.846 -300.000 50.000
61.538 -300.000 50.000
69.231 -300.000 50.000
76.923 -300.000 50.000
84.615 -300.000 50.000
92.308 -300.000 50.000
100.000 -300.000 80.000
100.000 -300.000 57.500
100.000 -300.000 65.000
100.000 -300.000 72.500
92.308 -300.000 80.000
84.615 -300.000 80.000
76.923 -300.000 80.000
69.231 -300.000 80.000
61.538 -300.000 80.000
53.846 -300.000 80.000
46.154 -300.000 80.000
38.462 -300.000 80.000
30.769 -300.000 80.000
23.077 -300.000 80.000
15.385 -300.000 80.000
7.692 -300.000 80.000
0.000 -300.000 80.000
-7.692 -300.000 80.000
-15.385 -300.000 80.000
-23.077 -300.000 80.000
-30.769 -300.000 80.000
-38.462 -300.000 80.000
-46.154 -300.000 80.000
-53.846 -300.000 80.000
-61.538 -300.000 80.000
-69.231 -300.000 80.000
-76.923 -300.000 80.000
-84.615 -300.000 80.000
-92.308 -300.000 80.000
-84.615 -300.000 72.500
-69.231 -300.000 72.500
-53.846 -300.000 72.500
-38.462 -300.000 72.500
-23.077 -300.000 72.500
-7.692 -300.000 72.500
7.692 -300.000 72.500
23.077 -300.000 72.500
38.462 -300.000 72.500
53.846 -300.000 72.500
69.231 -300.000 72.500
84.615 -300.000 72.500
-92.308 -300.000 65.000
-84.615 -300.000 65.000
-76.923 -300.000 65.000
-69.231 -300.000 65.000
-61.538 -300.000 65.000
-53.846 -300.000 65.000
-46.154 -300.000 65.000
-38.462 -300.000 65.000
-30.769 -300.000 65.000
-23.077 -300.000 65.000
-15.385 -300.000 65.000
-7.692 -300.000 65.000
0.000 -300.000 65.000
7.692 -300.000 65.000
15.385 -300.000 65.000
23.077 -300.000 65.000
30.769 -300.000 65.000
38.462 -300.000 65.000
46.154 -300.000 65.000
53.846 -300.000 65.000
61.538 -300.000 65.000
69.231 -300.000 65.000
76.923 -300.000 65.000
84.615 -300.000 65.000
92.308 -300.000 65.000
-84.615 -300.000 57.500
-69.231 -300.000 57.500
-53.846 -300.000 57.500
-38.462 -300.000 57.500
-23.077 -300.000 57.500
-7.692 -300.000 57.500
7.692 -300.000 57.500
23.077 -300.000 57.500
38.462 -300.000 57.500
53.846 -300.000 57.500
69.231 -300.000 57.500
84.615 -300.000 57.500
-100.000 -280.000 100.000
-100.000 -300.000 80.000
-100.000 -285.176 99.319
-100.000 -290.000 97.321
-100.000 -294.142 94.142
-100.000 -297.321 90.000
-100.000 -299.319 85.176
100.000 -300.000 80.000
-93.333 -300.000 80.000
-86.667 -300.000 80.000
-80.000 -300.000 80.000
-73.333 -300.000 80.000
-66.667 -300.000 80.000
-60.000 -300.000 80.000
-53.333 -300.000 80.000
-46.667 -300.000 80.000
-40.000 -300.000 80.000
-33.333 -300.000 80.000
-26.667 -300.000 80.000
-20.000 -300.000 80.000
-13.333 -300.000 80.000
-6.667 -300.000 80.000
0.000 -300.000 80.000
6.667 -300.000 80.000
13.333 -300.000 80.000
20.000 -300.000 80.000
26.667 -300.000 80.000
33.333 -300.000 80.000
40.000 -300.000 80.000
46.667 -300.000 80.000
53.333 -300.000 80.000
60.000 -300.000 80.000
66.667 -300.000 80.000
73.333 -300.000 80.000
80.000 -300.000 80.000
86.667 -300.000 80.000
93.333 -300.000 80.000
100.000 -280.000 100.000
100.000 -299.319 85.176
100.000 -297.321 90.000
100.000 -294.142 94.142
100.000 -290.000 97.321
100.000 -285.176 99.319
93.333 -280.000 100.000
86.667 -280.000 100.000
80.000 -280.000 100.000
73.333 -280.000 100.000
66.667 -280.000 100.000
60.000 -280.000 100.000
53.333 -280.000 100.000
46.667 -280.000 100.000
40.000 -280.000 100.000
33.333 -280.000 100.000
26.667 -280.000 100.000
20.000 -280.000 100.000
13.333 -280.000 100.000
6.667 -280.000 100.000
0.000 -280.000 100.000
-6.667 -280.000 100.000
-13.333 -280.000 100.000
-20.000 -280.000 100.000
-26.667 -280.000 100.000
-33.333 -280.000 100.000
-40.000 -280.000 100.000
-46.667 -280.000 100.000
-53.333 -280.000 100.000
-60.000 -280.000 100.000
-66.667 -280.000 100.000
-73.333 -280.000 100.000
-80.000 -280.000 100.000
-86.667 -280.000 100.000
-93.333 -280.000 100.000
-86.667 -285.176 99.319
-73.333 -285.176 99.319
-60.000 -285.176 99.319
-46.667 -285.176 99.319
-33.333 -285.176 99.319
-20.000 -285.176 99.319
-6.667 -285.176 99.319
6.667 -285.176 99.319
20.000 -285.176 99.319
33.333 -285.176 99.319
46.667 -285.176 99.319
60.000 -285.176 99.319
73.333 -285.176 99.319
86.667 -285.176 99.319
-93.333 -290.000 97.321
-86.667 -290.000 97.321
-80.000 -290.000 97.321
-73.333 -290.000 97.321
-66.667 -290.000 97.321
-60.000 -290.000 97.321
-53.333 -290.000 97.321
-46.667 -290.000 97.321
-40.000 -290.000 97.321
-33.333 -290.000 97.321
-26.667 -290.000 97.321
-20.000 -290.000 97.321
-13.333 -290.000 97.321
-6.667 -290.000 97.321
0.000 -290.000 97.321
6.667 -290.000 97.321
13.333 -290.000 97.321
20.000 -290.000 97.321
26.667 -290.000 97.321
33.333 -290.000 97.321
40.000 -290.000 97.321
46.667 -290.000 97.321
53.333 -290.000 97.321
60.000 -290.000 97.321
66.667 -290.000 97.321
73.333 -290.000 97.321
80.000 -290.000 97.321
86.667 -290.000 97.321
93.333 -290.000 97.321
-86.667 -294.142 94.142
-73.333 -294.142 94.142
-60.000 -294.142 94.142
-46.667 -294.142 94.142
-33.333 -294.142 94.142
-20.000 -294.142 94.142
-6.667 -294.142 94.142
6.667 -294.142 94.142
20.000 -294.142 94.142
33.333 -294.142 94.142
46.667 -294.142 94.142
60.000 -294.142 94.142
73.333 -294.142 94.142
86.667 -294.142 94.142
-93.333 -297.321 90.000
-86.667 -297.321 90.000
-80.000 -297.321 90.000
-73.333 -297.321 90.000
-66.667 -297.321 90.000
-60.000 -297.321 90.000
-53.333 -297.321 90.000
-46.667 -297.321 90.000
-40.000 -297.321 90.000
-33.333 -297.321 90.000
-26.667 -297.321 90.000
-20.000 -297.321 90.000
-13.333 -297.321 90.000
-6.667 -297.321 90.000
0.000 -297.321 90.000
6.667 -297.321 90.000
13.333 -297.321 90.000
20.000 -297.321 90.000
26.667 -297.321 90.000
33.333 -297.321 90.000
40.000 -297.321 90.000
46.667 -297.321 90.000
53.333 -297.321 90.000
60.000 -297.321 90.000
66.667 -297.321 90.000
73.333 -297.321 90.000
80.000 -297.321 90.000
86.667 -297.321 90.000
93.333 -297.321 90.000
-86.667 -299.319 85.176
-73.333 -299.319 85.176
-60.000 -299.319 85.176
-46.667 -299.319 85.176
-33.333 -299.319 85.176
-20.000 -299.319 85.176
-6.667 -299.319 85.176
6.667 -299.319 85.176
20.000 -299.319 85.176
33.333 -299.319 85.176
46.667 -299.319 85.176
60.000 -299.319 85.176
73.333 -299.319 85.176
86.667 -299.319 85.176
-100.000 -300.000 -80.000
-100.000 -300.000 -50.000
-100.000 -300.000 -72.500
-100.000 -300.000 -65.000
-100.000 -300.000 -57.500
-100.000 -300.000 50.000
-107.822 -300.000 -49.384
-115.451 -300.000 -47.553
-122.700 -300.000 -44.550
-129.389 -300.000 -40.451
-135.355 -300.000 -35.355
-140.451 -300.000 -29.389
-144.550 -300.000 -22.700
-147.553 -300.000 -15.451
-149.384 -300.000 -7.822
-150.000 -300.000 0.000
-149.384 -300.000 7.822
-147.553 -300.000 15.451
-144.550 -300.000 22.700
-140.451 -300.000 29.389
-135.355 -300.000 35.355
-129.389 -300.000 40.451
-122.700 -300.000 44.550
-115.451 -300.000 47.553
-107.822 -300.000 49.384
-100.000 -300.000 80.000
-100.000 -300.000 57.500
-100.000 -300.000 65.000
-100.000 -300.000 72.500
-108.362 -300.000 79.562
-116.633 -300.000 78.252
-124.721 -300.000 76.085
-132.539 -300.000 73.084
-140.000 -300.000 69.282
-147.023 -300.000 64.721
-153.530 -300.000 59.452
-159.452 -300.000 53.530
-164.721 -300.000 47.023
-169.282 -300.000 40.000
-173.084 -300.000 32.539
-176.085 -300.000 24.721
-178.252 -300.000 16.633
-179.562 -300.000 8.362
-180.000 -300.000 0.000
-179.562 -300.000 -8.362
-178.252 -300.000 -16.633
-176.085 -300.000 -24.721
-173.084 -300.000 -32.539
-169.282 -300.000 -40.000
-164.721 -300.000 -47.023
-159.452 -300.000 -53.530
-153.530 -300.000 -59.452
-147.023 -300.000 -64.721
-140.000 -300.000 -69.282
-132.539 -300.000 -73.084
-124.721 -300.000 -76.085
-116.633 -300.000 -78.252
-108.362 -300.000 -79.562
-169.994 -300.000 -16.335
-166.135 -300.000 -7.006
-175.157 -300.000 -9.730
-153.202 -300.000 -20.680
-160.184 -300.000 -14.412
-153.698 -300.000 -32.133
-164.043 -300.000 -23.740
-164.066 -300.000 -32.954
-135.868 -300.000 56.532
-135.699 -300.000 49.695
-142.047 -300.000 51.947
-117.116 -300.000 -68.803
-141.216 -300.000 -58.458
-153.998 -300.000 -45.944
-170.540 -300.000 2.724
-167.541 -300.000 21.947
-158.724 -300.000 39.580
-119.326 -300.000 68.347
-131.541 -300.000 43.649
-153.275 -300.000 17.312
-132.399 -300.000 -46.323
-108.799 -300.000 -62.177
-141.977 -300.000 -45.277
-153.582 -300.000 29.167
-140.930 -300.000 43.004
-111.009 -300.000 61.721
-118.735 -300.000 52.997
-144.309 -300.000 34.275
-155.759 -300.000 -1.457
-144.498 -300.000 -33.873
-116.525 -300.000 -53.454
-127.856 -300.000 52.644
-126.504 -300.000 -55.775
-160.257 -300.000 8.129
-123.220 -300.000 -61.064
-130.690 -300.000 -67.929
-132.125 -300.000 -57.485
-128.025 -300.000 59.481
-133.285 -300.000 66.802
-144.969 -300.000 61.942
-138.472 -300.000 59.842
-147.278 -300.000 45.256
-152.921 -300.000 52.441
-144.652 -300.000 55.257
-172.660 -300.000 -23.146
-170.752 -300.000 -11.097
-158.850 -300.000 -25.909
-137.704 -300.000 52.543
-122.019 -300.000 58.441
-133.693 -300.000 46.847
-148.167 -300.000 39.161
-158.997 -300.000 19.173
-161.518 -300.000 -2.915
-148.545 -300.000 -38.358
-135.409 -300.000 -52.196
-117.598 -300.000 -59.355
-128.841 -300.000 -62.774
-134.031 -300.000 60.521
-142.914 -300.000 59.163
-146.389 -300.000 51.351
-169.235 -300.000 -21.572
-100.000 -280.000 -100.000
-100.000 -300.000 -80.000
-100.000 -285.176 -99.319
-100.000 -290.000 -97.321
-100.000 -294.142 -94.142
-100.000 -297.321 -90.000
-100.000 -299.319 -85.176
-100.000 -300.000 80.000
-108.362 -300.000 -79.562
-116.633 -300.000 -78.252
-124.721 -300.000 -76.085
-132.539 -300.000 -73.084
-140.000 -300.000 -69.282
-147.023 -300.000 -64.721
-153.530 -300.000 -59.452
-159.452 -300.000 -53.530
-164.721 -300.000 -47.023
-169.282 -300.000 -40.000
-173.084 -300.000 -32.539
-176.085 -300.000 -24.721
-178.252 -300.000 -16.633
-179.562 -300.000 -8.362
-180.000 -300.000 0.000
-179.562 -300.000 8.362
-178.252 -300.000 16.633
-176.085 -300.000 24.721
-173.084 -300.000 32.539
-169.282 -300.000 40.000
-164.721 -300.000 47.023
-159.452 -300.000 53.530
-153.530 -300.000 59.452
-147.023 -300.000 64.721
-140.000 -300.000 69.282
-132.539 -300.000 73.084
-124.721 -300.000 76.085
-116.633 -300.000 78.252
-108.362 -300.000 79.562
-100.000 -280.000 100.000
-100.000 -299.319 85.176
-100.000 -297.321 90.000
-100.000 -294.142 94.142
-100.000 -290.000 97.321
-100.000 -285.176 99.319
-110.453 -280.000 99.452
-120.791 -280.000 97.815
-130.902 -280.000 95.106
-140.674 -280.000 91.355
-150.000 -280.000 86.603
-158.779 -280.000 80.902
-166.913 -280.000 74.314
-174.314 -280.000 66.913
-180.902 -280.000 58.779
-186.603 -280.000 50.000
-191.355 -280.000 40.674
-195.106 -280.000 30.902
-197.815 -280.000 20.791
-199.452 -280.000 10.453
-200.000 -280.000 0.000
-199.452 -280.000 -10.453
-197.815 -280.000 -20.791
-195.106 -280.000 -30.902
-191.355 -280.000 -40.674
-186.603 -280.000 -50.000
-180.902 -280.000 -58.779
-174.314 -280.000 -66.913
-166.913 -280.000 -74.314
-158.779 -280.000 -80.902
-150.000 -280.000 -86.603
-140.674 -280.000 -91.355
-130.902 -280.000 -95.106
-120.791 -280.000 -97.815
-110.453 -280.000 -99.452
-120.174 -285.279 -97.220
-139.641 -285.404 -90.996
-157.550 -285.539 -80.822
-173.075 -285.673 -67.056
-185.467 -285.791 -50.247
-194.104 -285.879 -31.119
-198.540 -285.926 -10.538
-198.540 -285.926 10.538
-194.104 -285.879 31.119
-185.467 -285.791 50.247
-173.075 -285.673 67.056
-157.550 -285.539 80.822
-139.641 -285.404 90.996
-120.174 -285.279 97.220
-109.777 -290.125 -96.755
-119.495 -290.268 -95.187
-129.050 -290.425 -92.619
-138.338 -290.594 -89.062
-147.256 -290.772 -84.541
-155.698 -290.953 -79.090
-163.565 -291.133 -72.760
-170.759 -291.308 -65.610
-177.192 -291.473 -57.714
-182.782 -291.622 -49.156
-187.458 -291.752 -40.029
-191.158 -291.858 -30.438
-193.837 -291.936 -20.492
-195.457 -291.984 -10.306
-196.000 -292.000 0.000
-195.457 -291.984 10.306
-193.837 -291.936 20.492
-191.158 -291.858 30.438
-187.458 -291.752 40.029
-182.782 -291.622 49.156
-177.192 -291.473 57.714
-170.759 -291.308 65.610
-163.565 -291.133 72.760
-155.698 -290.953 79.090
-147.256 -290.772 84.541
-138.338 -290.594 89.062
-129.050 -290.425 92.619
-119.495 -290.268 95.187
-109.777 -290.125 96.755
-118.773 -294.459 -91.920
-136.854 -294.837 -85.834
-153.436 -295.238 -76.059
-167.750 -295.622 -62.960
-179.118 -295.950 -47.080
-187.003 -296.189 -29.111
-191.038 -296.314 -9.849
-191.038 -296.314 9.849
-187.003 -296.189 29.111
-179.118 -295.950 47.080
-167.750 -295.622 62.960
-153.436 -295.238 76.059
-136.854 -294.837 85.834
-118.773 -294.459 91.920
-109.065 -297.424 -89.361
-118.043 -297.538 -87.778
-126.836 -297.660 -85.264
-135.346 -297.787 -81.838
-143.477 -297.914 -77.535
-151.140 -298.039 -72.396
-158.246 -298.158 -66.475
-164.716 -298.270 -59.834
-170.477 -298.370 -52.545
-175.464 -298.458 -44.686
-179.621 -298.531 -36.343
-182.903 -298.589 -27.607
-185.273 -298.631 -18.572
-186.705 -298.657 -9.337
-187.184 -298.665 0.000
-186.705 -298.657 9.337
-185.273 -298.631 18.572
-182.903 -298.589 27.607
-179.621 -298.531 36.343
-175.464 -298.458 44.686
-170.477 -298.370 52.545
-164.716 -298.270 59.834
-158.246 -298.158 66.475
-151.140 -298.039 72.396
-143.477 -297.914 77.535
-135.346 -297.787 81.838
-126.836 -297.660 85.264
-118.043 -297.538 87.778
-109.065 -297.424 89.361
-117.330 -299.387 -83.127
-133.908 -299.463 -77.512
-149.010 -299.537 -68.563
-161.971 -299.602 -56.660
-172.223 -299.654 -42.313
-179.317 -299.689 -26.141
-182.944 -299.707 -8.841
-182.944 -299.707 8.841
-179.317 -299.689 26.141
-172.223 -299.654 42.313
-161.971 -299.602 56.660
-149.010 -299.537 68.563
-133.908 -299.463 77.512
-117.330 -299.387 83.127
100.000 -300.000 -80.000
100.000 -300.000 -50.000
100.000 -300.000 -72.500
100.000 -300.000 -65.000
100.000 -300.000 -57.500
-100.000 -300.000 -50.000
92.308 -300.000 -50.000
84.615 -300.000 -50.000
76.923 -300.000 -50.000
69.231 -300.000 -50.000
61.538 -300.000 -50.000
53.846 -300.000 -50.000
46.154 -300.000 -50.000
38.462 -300.000 -50.000
30.769 -300.000 -50.000
23.077 -300.000 -50.000
15.385 -300.000 -50.000
7.692 -300.000 -50.000
0.000 -300.000 -50.000
-7.692 -300.000 -50.000
-15.385 -300.000 -50.000
-23.077 -300.000 -50.000
-30.769 -300.000 -50.000
-38.462 -300.000 -50.000
-46.154 -300.000 -50.000
-53.846 -300.000 -50.000
-61.538 -300.000 -50.000
-69.231 -300.000 -50.000
-76.923 -300.000 -50.000
-84.615 -300.000 -50.000
-92.308 -300.000 -50.000
-100.000 -300.000 -80.000
-100.000 -300.000 -57.500
-100.000 -300.000 -65.000
-100.000 -300.000 -72.500
-92.308 -300.000 -80.000
-84.615 -300.000 -80.000
-76.923 -300.000 -80.000
-69.231 -300.000 -80.000
-61.538 -300.000 -80.000
-53.846 -300.000 -80.000
-46.154 -300.000 -80.000
-38.462 -300.000 -80.000
-30.769 -300.000 -80.000
-23.077 -300.000 -80.000
-15.385 -300.000 -80.000
-7.692 -300.000 -80.000
0.000 -300.000 -80.000
7.692 -300.000 -80.000
15.385 -300.000 -80.000
23.077 -300.000 -80.000
30.769 -300.000 -80.000
38.462 -300.000 -80.000
46.154 -300.000 -80.000
53.846 -300.000 -80.000
61.538 -300.000 -80.000
69.231 -300.000 -80.000
76.923 -300.000 -80.000
84.615 -300.000 -80.000
92.308 -300.000 -80.000
84.615 -300.000 -72.500
69.231 -300.000 -72.500
53.846 -300.000 -72.500
38.462 -300.000 -72.500
23.077 -300.000 -72.500
7.692 -300.000 -72.500
-7.692 -300.000 -72.500
-23.077 -300.000 -72.500
-38.462 -300.000 -72.500
-53.846 -300.000 -72.500
-69.231 -300.000 -72.500
-84.615 -300.000 -72.500
92.308 -300.000 -65.000
84.615 -300.000 -65.000
76.923 -300.000 -65.000
69.231 -300.000 -65.000
61.538 -300.000 -65.000
53.846 -300.000 -65.000
46.154 -300.000 -65.000
38.462 -300.000 -65.000
30.769 -300.000 -65.000
23.077 -300.000 -65.000
15.385 -300.000 -65.000
7.692 -300.000 -65.000
0.000 -300.000 -65.000
-7.692 -300.000 -65.000
-15.385 -300.000 -65.000
-23.077 -300.000 -65.000
-30.769 -300.000 -65.000
-38.462 -300.000 -65.000
-46.154 -300.000 -65.000
-53.846 -300.000 -65.000
-61.538 -300.000 -65.000
-69.231 -300.000 -65.000
-76.923 -300.000 -65.000
-84.615 -300.000 -65.000
-92.308 -300.000 -65.000
84.615 -300.000 -57.500
69.231 -300.000 -57.500
53.846 -300.000 -57.500
38.462 -300.000 -57.500
23.077 -300.000 -57.500
7.692 -300.000 -57.500
-7.692 -300.000 -57.500
-23.077 -300.000 -57.500
-38.462 -300.000 -57.500
-53.846 -300.000 -57.500
-69.231 -300.000 -57.500
-84.615 -300.000 -57.500
100.000 -280.000 -100.000
100.000 -300.000 -80.000
100.000 -285.176 -99.319
100.000 -290.000 -97.321
100.000 -294.142 -94.142
100.000 -297.321 -90.000
100.000 -299.319 -85.176
-100.000 -300.000 -80.000
93.333 -300.000 -80.000
86.667 -300.000 -80.000
80.000 -300.000 -80.000
73.333 -300.000 -80.000
66.667 -300.000 -80.000
60.000 -300.000 -80.000
53.333 -300.000 -80.000
46.667 -300.000 -80.000
40.000 -300.000 -80.000
33.333 -300.000 -80.000
26.667 -300.000 -80.000
20.000 -300.000 -80.000
13.333 -300.000 -80.000
6.667 -300.000 -80.000
0.000 -300.000 -80.000
-6.667 -300.000 -80.000
-13.333 -300.000 -80.000
-20.000 -300.000 -80.000
-26.667 -300.000 -80.000
-33.333 -300.000 -80.000
-40.000 -300.000 -80.000
-46.667 -300.000 -80.000
-53.333 -300.000 -80.000
-60.000 -300.000 -80.000
-66.667 -300.000 -80.000
-73.333 -300.000 -80.000
-80.000 -300.000 -80.000
-86.667 -300.000 -80.000
-93.333 -300.000 -80.000
-100.000 -280.000 -100.000
-100.000 -299.319 -85.176
-100.000 -297.321 -90.000
-100.000 -294.142 -94.142
-100.000 -290.000 -97.321
-100.000 -285.176 -99.319
-93.333 -280.000 -100.000
-86.667 -280.000 -100.000
-80.000 -280.000 -100.000
-73.333 -280.000 -100.000
-66.667 -280.000 -100.000
-60.000 -280.000 -100.000
-53.333 -280.000 -100.000
-46.667 -280.000 -100.000
-40.000 -280.000 -100.000
-33.333 -280.000 -100.000
-26.667 -280.000 -100.000
-20.000 -280.000 -100.000
-13.333 -280.000 -100.000
-6.667 -280.000 -100.000
0.000 -280.000 -100.000
6.667 -280.000 -100.000
13.333 -280.000 -100.000
20.000 -280.000 -100.000
26.667 -280.000 -100.000
33.333 -280.000 -100.000
40.000 -280.000 -100.000
46.667 -280.000 -100.000
53.333 -280.000 -100.000
60.000 -280.000 -100.000
66.667 -280.000 -100.000
73.333 -280.000 -100.000
80.000 -280.000 -100.000
86.667 -280.000 -100.000
93.333 -280.000 -100.000
86.667 -285.176 -99.319
73.333 -285.176 -99.319
60.000 -285.176 -99.319
46.667 -285.176 -99.319
33.333 -285.176 -99.319
20.000 -285.176 -99.319
6.667 -285.176 -99.319
-6.667 -285.176 -99.319
-20.000 -285.176 -99.319
-33.333 -285.176 -99.319
-46.667 -285.176 -99.319
-60.000 -285.176 -99.319
-73.333 -285.176 -99.319
-86.667 -285.176 -99.319
93.333 -290.000 -97.321
86.667 -290.000 -97.321
80.000 -290.000 -97.321
73.333 -290.000 -97.321
66.667 -290.000 -97.321
60.000 -290.000 -97.321
53.333 -290.000 -97.321
46.667 -290.000 -97.321
40.000 -290.000 -97.321
33.333 -290.000 -97.321
26.667 -290.000 -97.321
20.000 -290.000 -97.321
13.333 -290.000 -97.321
6.667 -290.000 -97.321
0.000 -290.000 -97.321
-6.667 -290.000 -97.321
-13.333 -290.000 -97.321
-20.000 -290.000 -97.321
-26.667 -290.000 -97.321
-33.333 -290.000 -97.321
-40.000 -290.000 -97.321
-46.667 -290.000 -97.321
-53.333 -290.000 -97.321
-60.000 -290.000 -97.321
-66.667 -290.000 -97.321
-73.333 -290.000 -97.321
-80.000 -290.000 -97.321
-86.667 -290.000 -97.321
-93.333 -290.000 -97.321
86.667 -294.142 -94.142
73.333 -294.142 -94.142
60.000 -294.142 -94.142
46.667 -294.142 -94.142
33.333 -294.142 -94.142
20.000 -294.142 -94.142
6.667 -294.142 -94.142
-6.667 -294.142 -94.142
-20.000 -294.142 -94.142
-33.333 -294.142 -94.142
-46.667 -294.142 -94.142
-60.000 -294.142 -94.142
-73.333 -294.142 -94.142
-86.667 -294.142 -94.142
93.333 -297.321 -90.000
86.667 -297.321 -90.000
80.000 -297.321 -90.000
73.333 -297.321 -90.000
66.667 -297.321 -90.000
60.000 -297.321 -90.000
53.333 -297.321 -90.000
46.667 -297.321 -90.000
40.000 -297.321 -90.000
33.333 -297.321 -90.000
26.667 -297.321 -90.000
20.000 -297.321 -90.000
13.333 -297.321 -90.000
6.667 -297.321 -90.000
0.000 -297.321 -90.000
-6.667 -297.321 -90.000
-13.333 -297.321 -90.000
-20.000 -297.321 -90.000
-26.667 -297.321 -90.000
-33.333 -297.321 -90.000
-40.000 -297.321 -90.000
-46.667 -297.321 -90.000
-53.333 -297.321 -90.000
-60.000 -297.321 -90.000
-66.667 -297.321 -90.000
-73.333 -297.321 -90.000
-80.000 -297.321 -90.000
-86.667 -297.321 -90.000
-93.333 -297.321 -90.000
86.667 -299.319 -85.176
73.333 -299.319 -85.176
60.000 -299.319 -85.176
46.667 -299.319 -85.176
33.333 -299.319 -85.176
20.000 -299.319 -85.176
6.667 -299.319 -85.176
-6.667 -299.319 -85.176
-20.000 -299.319 -85.176
-33.333 -299.319 -85.176
-46.667 -299.319 -85.176
-60.000 -299.319 -85.176
-73.333 -299.319 -85.176
-86.667 -299.319 -85.176
180.000 -300.000 0.000
150.000 -300.000 0.000
172.500 -300.000 0.000
165.000 -300.000 0.000
157.500 -300.000 0.000
100.000 -300.000 -50.000
149.384 -300.000 -7.822
147.553 -300.000 -15.451
144.550 -300.000 -22.700
140.451 -300.000 -29.389
135.355 -300.000 -35.355
129.389 -300.000 -40.451
122.700 -300.000 -44.550
115.451 -300.000 -47.553
107.822 -300.000 -49.384
100.000 -300.000 -80.000
100.000 -300.000 -57.500
100.000 -300.000 -65.000
100.000 -300.000 -72.500
107.841 -300.000 -79.615
115.607 -300.000 -78.463
123.223 -300.000 -76.555
130.615 -300.000 -73.910
137.712 -300.000 -70.554
144.446 -300.000 -66.518
150.751 -300.000 -61.841
156.569 -300.000 -56.569
161.841 -300.000 -50.751
166.518 -300.000 -44.446
170.554 -300.000 -37.712
173.910 -300.000 -30.615
176.555 -300.000 -23.223
178.463 -300.000 -15.607
179.615 -300.000 -7.841
139.127 -300.000 -55.802
134.466 -300.000 -63.340
141.461 -300.000 -63.920
118.042 -300.000 -69.027
110.238 -300.000 -62.295
117.964 -300.000 -53.572
130.127 -300.000 -54.936
125.467 -300.000 -62.474
169.008 -300.000 -16.484
160.366 -300.000 -39.690
134.583 -300.000 -45.366
162.276 -300.000 -8.680
147.333 -300.000 -32.161
153.553 -300.000 -16.406
156.884 -300.000 -26.147
158.947 -300.000 -31.415
168.794 -300.000 -29.255
161.616 -300.000 -22.628
130.536 -300.000 -69.634
148.173 -300.000 -53.425
146.996 -300.000 -42.607
138.476 -300.000 -61.323
120.476 -300.000 -59.591
154.215 -300.000 -34.934
159.553 -300.000 -17.361
163.678 -300.000 -27.895
130.457 -300.000 -65.358
139.777 -300.000 -50.281
200.000 -280.000 0.000
180.000 -300.000 0.000
199.319 -285.176 0.000
197.321 -290.000 0.000
194.142 -294.142 0.000
190.000 -297.321 0.000
185.176 -299.319 0.000
100.000 -300.000 -80.000
179.854 -300.000 -4.830
179.417 -300.000 -9.643
178.690 -300.000 -14.420
177.675 -300.000 -19.145
176.378 -300.000 -23.800
174.801 -300.000 -28.368
172.952 -300.000 -32.833
170.836 -300.000 -37.178
168.463 -300.000 -41.387
165.839 -300.000 -45.445
162.975 -300.000 -49.338
159.881 -300.000 -53.050
156.569 -300.000 -56.569
153.050 -300.000 -59.881
149.338 -300.000 -62.975
145.445 -300.000 -65.839
141.387 -300.000 -68.463
137.178 -300.000 -70.836
132.833 -300.000 -72.952
128.368 -300.000 -74.801
123.800 -300.000 -76.378
119.145 -300.000 -77.675
114.420 -300.000 -78.690
109.643 -300.000 -79.417
104.830 -300.000 -79.854
100.000 -280.000 -100.000
100.000 -299.319 -85.176
100.000 -297.321 -90.000
100.000 -294.142 -94.142
100.000 -290.000 -97.321
100.000 -285.176 -99.319
105.234 -280.000 -99.863
110.453 -280.000 -99.452
115.643 -280.000 -98.769
120.791 -280.000 -97.815
125.882 -280.000 -96.593
130.902 -280.000 -95.106
135.837 -280.000 -93.358
140.674 -280.000 -91.355
145.399 -280.000 -89.101
150.000 -280.000 -86.603
154.464 -280.000 -83.867
158.779 -280.000 -80.902
162.932 -280.000 -77.715
166.913 -280.000 -74.314
170.711 -280.000 -70.711
174.314 -280.000 -66.913
177.715 -280.000 -62.932
180.902 -280.000 -58.779
183.867 -280.000 -54.464
186.603 -280.000 -50.000
189.101 -280.000 -45.399
191.355 -280.000 -40.674
193.358 -280.000 -35.837
195.106 -280.000 -30.902
196.593 -280.000 -25.882
197.815 -280.000 -20.791
198.769 -280.000 -15.643
199.452 -280.000 -10.453
199.863 -280.000 -5.234
186.802 -298.667 -8.099
108.099 -298.667 -86.802
110.155 -284.615 -98.940
109.784 -289.012 -97.364
109.286 -292.691 -95.004
108.752 -295.737 -91.928
108.426 -297.401 -89.462
198.940 -284.615 -10.155
197.364 -289.012 -9.784
195.004 -292.691 -9.286
191.928 -295.737 -8.752
189.462 -297.401 -8.426
111.225 -298.689 -86.396
114.335 -298.714 -85.868
118.815 -298.701 -85.033
123.254 -298.686 -83.969
127.917 -298.691 -82.523
132.500 -298.693 -80.821
137.054 -298.705 -78.802
141.493 -298.715 -76.530
145.815 -298.726 -73.989
149.990 -298.733 -71.209
154.008 -298.739 -68.193
157.851 -298.741 -64.957
161.509 -298.740 -61.509
164.957 -298.741 -57.851
168.193 -298.739 -54.008
171.209 -298.733 -49.990
173.989 -298.726 -45.815
176.530 -298.715 -41.493
178.802 -298.705 -37.054
180.821 -298.693 -32.500
182.523 -298.691 -27.917
183.969 -298.686 -23.254
185.033 -298.701 -18.815
185.868 -298.714 -14.335
186.396 -298.689 -11.225
114.720 -288.681 -96.906
113.192 -295.317 -91.919
120.289 -284.239 -97.456
119.646 -288.339 -96.193
118.688 -291.873 -94.260
117.657 -294.875 -91.684
115.978 -297.103 -88.945
124.595 -288.198 -95.114
122.292 -294.772 -90.786
130.306 -284.073 -94.857
129.494 -288.051 -93.779
128.257 -291.625 -92.034
126.888 -294.673 -89.645
125.069 -297.019 -86.964
134.393 -288.016 -92.112
131.646 -294.669 -88.083
140.091 -284.023 -91.165
139.205 -287.980 -90.186
137.868 -291.590 -88.541
136.325 -294.659 -86.270
134.431 -297.026 -83.687
143.955 -287.984 -87.967
140.984 -294.683 -84.128
149.490 -284.016 -86.426
148.586 -287.984 -85.496
147.199 -291.621 -83.914
145.528 -294.700 -81.736
143.546 -297.064 -79.257
153.096 -287.996 -82.764
149.962 -294.725 -79.072
158.361 -284.020 -80.700
157.458 -288.004 -79.794
156.033 -291.659 -78.259
154.249 -294.743 -76.171
152.173 -297.098 -73.796
161.660 -288.012 -76.589
158.380 -294.756 -73.034
166.584 -284.023 -74.060
165.686 -288.016 -73.163
164.228 -291.677 -71.668
162.338 -294.762 -69.678
160.166 -297.113 -67.406
169.525 -288.015 -69.525
166.111 -294.761 -66.111
174.060 -284.023 -66.584
173.163 -288.016 -65.686
171.668 -291.677 -64.228
169.678 -294.762 -62.338
167.406 -297.113 -60.166
176.589 -288.012 -61.660
173.034 -294.756 -58.380
180.700 -284.020 -58.361
179.794 -288.004 -57.458
178.259 -291.659 -56.033
176.171 -294.743 -54.249
173.796 -297.098 -52.173
182.764 -287.996 -53.096
179.072 -294.725 -49.962
186.426 -284.016 -49.490
185.496 -287.984 -48.586
183.914 -291.621 -47.199
181.736 -294.700 -45.528
179.257 -297.064 -43.546
187.967 -287.984 -43.955
184.128 -294.683 -40.984
191.165 -284.023 -40.091
190.186 -287.980 -39.205
188.541 -291.590 -37.868
186.270 -294.659 -36.325
183.687 -297.026 -34.431
192.112 -288.016 -34.393
188.083 -294.669 -31.646
194.857 -284.073 -30.306
193.779 -288.051 -29.494
192.034 -291.625 -28.257
189.645 -294.673 -26.888
186.964 -297.019 -25.069
195.114 -288.198 -24.595
190.786 -294.772 -22.292
197.456 -284.239 -20.289
196.193 -288.339 -19.646
194.260 -291.873 -18.688
191.684 -294.875 -17.657
188.945 -297.103 -15.978
196.906 -288.681 -14.720
191.919 -295.317 -13.192
103.905 -299.659 -83.587
183.587 -299.659 -3.905
104.877 -289.517 -97.468
104.324 -296.576 -91.088
111.921 -299.678 -82.721
121.158 -299.672 -80.888
130.408 -299.675 -77.865
139.321 -299.682 -73.723
147.714 -299.687 -68.553
155.458 -299.689 -62.437
162.437 -299.689 -55.458
168.553 -299.687 -47.714
173.723 -299.682 -39.321
177.865 -299.675 -30.408
180.888 -299.672 -21.158
182.721 -299.678 -11.921
191.088 -296.576 -4.324
197.468 -289.517 -4.877
